"Pmax=? [ F ""success"" ]","Rmin=? [ F ""done"" ]",experiment
0.7430868558898763,99.14550944034109,outputExpAgricultural_Both/exp12/agricultural|NONE2|0|-|-|-|-|-|FRONT|20|400|NSGAII/results/AGRICULTURAL_NSGAII_131225_0655405871934609821959365_1_Front
45.15775368497991,54.79614403974289,outputExpAgricultural_Both/exp12/agricultural|NONE2|0|-|-|-|-|-|FRONT|20|400|NSGAII/results/AGRICULTURAL_NSGAII_131225_0655405871934609821959365_1_Front
78.62102570349616,47.698866971249345,outputExpAgricultural_Both/exp12/agricultural|NONE2|0|-|-|-|-|-|FRONT|20|400|NSGAII/results/AGRICULTURAL_NSGAII_131225_0655405871934609821959365_1_Front
0.511633572907782,99.46236306692522,outputExpAgricultural_Both/exp12/agricultural|NONE2|0|-|-|-|-|-|FRONT|20|400|NSGAII/results/AGRICULTURAL_NSGAII_131225_0655405871934609821959365_1_Front
1.8638080155926398,98.10432504261182,outputExpAgricultural_Both/exp12/agricultural|NONE2|0|-|-|-|-|-|FRONT|20|400|NSGAII/results/AGRICULTURAL_NSGAII_131225_0655405871934609821959365_1_Front
62.943111219393344,49.80612201775846,outputExpAgricultural_Both/exp12/agricultural|NONE2|0|-|-|-|-|-|FRONT|20|400|NSGAII/results/AGRICULTURAL_NSGAII_131225_0655405871934609821959365_1_Front
0.511633572907782,99.46236306692522,outputExpAgricultural_Both/exp12/agricultural|NONE2|0|-|-|-|-|-|FRONT|20|400|NSGAII/results/AGRICULTURAL_NSGAII_131225_06571415327926708240040755_2_Front
87.58679498111829,25.74449802553423,outputExpAgricultural_Both/exp12/agricultural|NONE2|0|-|-|-|-|-|FRONT|20|400|NSGAII/results/AGRICULTURAL_NSGAII_131225_06571415327926708240040755_2_Front
31.916189548057012,66.85780559611962,outputExpAgricultural_Both/exp12/agricultural|NONE2|0|-|-|-|-|-|FRONT|20|400|NSGAII/results/AGRICULTURAL_NSGAII_131225_06571415327926708240040755_2_Front
6.151784626629309,92.99672722321088,outputExpAgricultural_Both/exp12/agricultural|NONE2|0|-|-|-|-|-|FRONT|20|400|NSGAII/results/AGRICULTURAL_NSGAII_131225_06571415327926708240040755_2_Front
49.957363868924354,45.238790622109306,outputExpAgricultural_Both/exp12/agricultural|NONE2|0|-|-|-|-|-|FRONT|20|400|NSGAII/results/AGRICULTURAL_NSGAII_131225_06571415327926708240040755_2_Front
72.90778413935925,30.528011118989156,outputExpAgricultural_Both/exp12/agricultural|NONE2|0|-|-|-|-|-|FRONT|20|400|NSGAII/results/AGRICULTURAL_NSGAII_131225_06571415327926708240040755_2_Front
45.15775368497991,54.79614403974289,outputExpAgricultural_Both/exp12/agricultural|NONE2|0|-|-|-|-|-|FRONT|20|400|NSGAII/results/AGRICULTURAL_NSGAII_131225_06571415327926708240040755_2_Front
75.16140821050067,27.852128713568646,outputExpAgricultural_Both/exp12/agricultural|NONE2|0|-|-|-|-|-|FRONT|20|400|NSGAII/results/AGRICULTURAL_NSGAII_131225_06571415327926708240040755_2_Front
1.8638080155926398,98.10432504261182,outputExpAgricultural_Both/exp12/agricultural|NONE2|0|-|-|-|-|-|FRONT|20|400|NSGAII/results/AGRICULTURAL_NSGAII_131225_06571415327926708240040755_2_Front
0.7430868558898763,99.14550944034109,outputExpAgricultural_Both/exp12/agricultural|NONE2|0|-|-|-|-|-|FRONT|20|400|NSGAII/results/AGRICULTURAL_NSGAII_131225_06571415327926708240040755_2_Front
0.511633572907782,99.46236306692522,outputExpAgricultural_Both/exp12/agricultural|NONE2|0|-|-|-|-|-|FRONT|20|400|NSGAII/results/AGRICULTURAL_NSGAII_131225_06574814415165390518255087_3_Front
87.1847971738336,19.64915081537688,outputExpAgricultural_Both/exp12/agricultural|NONE2|0|-|-|-|-|-|FRONT|20|400|NSGAII/results/AGRICULTURAL_NSGAII_131225_06574814415165390518255087_3_Front
18.491899135095633,92.6134789570313,outputExpAgricultural_Both/exp12/agricultural|NONE2|0|-|-|-|-|-|FRONT|20|400|NSGAII/results/AGRICULTURAL_NSGAII_131225_06574814415165390518255087_3_Front
49.957363868924354,45.238790622109306,outputExpAgricultural_Both/exp12/agricultural|NONE2|0|-|-|-|-|-|FRONT|20|400|NSGAII/results/AGRICULTURAL_NSGAII_131225_06574814415165390518255087_3_Front
70.5688878060665,34.21897083613107,outputExpAgricultural_Both/exp12/agricultural|NONE2|0|-|-|-|-|-|FRONT|20|400|NSGAII/results/AGRICULTURAL_NSGAII_131225_06574814415165390518255087_3_Front
44.171031794372034,55.25010682305875,outputExpAgricultural_Both/exp12/agricultural|NONE2|0|-|-|-|-|-|FRONT|20|400|NSGAII/results/AGRICULTURAL_NSGAII_131225_06574814415165390518255087_3_Front
31.989280058472403,66.80624879677323,outputExpAgricultural_Both/exp12/agricultural|NONE2|0|-|-|-|-|-|FRONT|20|400|NSGAII/results/AGRICULTURAL_NSGAII_131225_06574814415165390518255087_3_Front
6.151784626629309,92.99672722321088,outputExpAgricultural_Both/exp12/agricultural|NONE2|0|-|-|-|-|-|FRONT|20|400|NSGAII/results/AGRICULTURAL_NSGAII_131225_06574814415165390518255087_3_Front
31.916189548057012,66.85780559611962,outputExpAgricultural_Both/exp12/agricultural|NONE2|0|-|-|-|-|-|FRONT|20|400|NSGAII/results/AGRICULTURAL_NSGAII_131225_06574814415165390518255087_3_Front
80.69192349859911,24.5696791551822,outputExpAgricultural_Both/exp12/agricultural|NONE2|0|-|-|-|-|-|FRONT|20|400|NSGAII/results/AGRICULTURAL_NSGAII_131225_06574814415165390518255087_3_Front
45.4013887196979,54.7706943264043,outputExpAgricultural_Both/exp12/agricultural|NONE2|0|-|-|-|-|-|FRONT|20|400|NSGAII/results/AGRICULTURAL_NSGAII_131225_06574814415165390518255087_3_Front
77.8048483371909,26.69158422117772,outputExpAgricultural_Both/exp12/agricultural|NONE2|0|-|-|-|-|-|FRONT|20|400|NSGAII/results/AGRICULTURAL_NSGAII_131225_06574814415165390518255087_3_Front
3.374345230844189,97.38159074794922,outputExpAgricultural_Both/exp12/agricultural|NONE2|0|-|-|-|-|-|FRONT|20|400|NSGAII/results/AGRICULTURAL_NSGAII_131225_06574814415165390518255087_3_Front
75.16140821050067,27.852128713568646,outputExpAgricultural_Both/exp12/agricultural|NONE2|0|-|-|-|-|-|FRONT|20|400|NSGAII/results/AGRICULTURAL_NSGAII_131225_06574814415165390518255087_3_Front
72.90778413935925,30.528011118989156,outputExpAgricultural_Both/exp12/agricultural|NONE2|0|-|-|-|-|-|FRONT|20|400|NSGAII/results/AGRICULTURAL_NSGAII_131225_06574814415165390518255087_3_Front
73.40723596053112,30.289384840047155,outputExpAgricultural_Both/exp12/agricultural|NONE2|0|-|-|-|-|-|FRONT|20|400|NSGAII/results/AGRICULTURAL_NSGAII_131225_06574814415165390518255087_3_Front
1.8638080155926398,98.10432504261182,outputExpAgricultural_Both/exp12/agricultural|NONE2|0|-|-|-|-|-|FRONT|20|400|NSGAII/results/AGRICULTURAL_NSGAII_131225_06574814415165390518255087_3_Front
0.2923620416615858,99.7110377566688,outputExpAgricultural_Both/exp12/agricultural|NONE2|0|-|-|-|-|-|FRONT|20|400|NSGAII/results/AGRICULTURAL_NSGAII_131225_07050813340819004856023387_4_Front
87.1847971738336,19.64915081537688,outputExpAgricultural_Both/exp12/agricultural|NONE2|0|-|-|-|-|-|FRONT|20|400|NSGAII/results/AGRICULTURAL_NSGAII_131225_07050813340819004856023387_4_Front
49.957363868924354,45.23550375876302,outputExpAgricultural_Both/exp12/agricultural|NONE2|0|-|-|-|-|-|FRONT|20|400|NSGAII/results/AGRICULTURAL_NSGAII_131225_07050813340819004856023387_4_Front
18.491899135095633,92.6134789570313,outputExpAgricultural_Both/exp12/agricultural|NONE2|0|-|-|-|-|-|FRONT|20|400|NSGAII/results/AGRICULTURAL_NSGAII_131225_07050813340819004856023387_4_Front
26.008039956145694,77.55541886377829,outputExpAgricultural_Both/exp12/agricultural|NONE2|0|-|-|-|-|-|FRONT|20|400|NSGAII/results/AGRICULTURAL_NSGAII_131225_07050813340819004856023387_4_Front
66.92654403703253,39.063150035920714,outputExpAgricultural_Both/exp12/agricultural|NONE2|0|-|-|-|-|-|FRONT|20|400|NSGAII/results/AGRICULTURAL_NSGAII_131225_07050813340819004856023387_4_Front
35.77780484833718,64.7631345407078,outputExpAgricultural_Both/exp12/agricultural|NONE2|0|-|-|-|-|-|FRONT|20|400|NSGAII/results/AGRICULTURAL_NSGAII_131225_07050813340819004856023387_4_Front
6.151784626629309,92.99672722321088,outputExpAgricultural_Both/exp12/agricultural|NONE2|0|-|-|-|-|-|FRONT|20|400|NSGAII/results/AGRICULTURAL_NSGAII_131225_07050813340819004856023387_4_Front
80.69192349859911,24.5696791551822,outputExpAgricultural_Both/exp12/agricultural|NONE2|0|-|-|-|-|-|FRONT|20|400|NSGAII/results/AGRICULTURAL_NSGAII_131225_07050813340819004856023387_4_Front
70.5688878060665,34.21897083613107,outputExpAgricultural_Both/exp12/agricultural|NONE2|0|-|-|-|-|-|FRONT|20|400|NSGAII/results/AGRICULTURAL_NSGAII_131225_07050813340819004856023387_4_Front
44.171031794372034,55.25010682305875,outputExpAgricultural_Both/exp12/agricultural|NONE2|0|-|-|-|-|-|FRONT|20|400|NSGAII/results/AGRICULTURAL_NSGAII_131225_07050813340819004856023387_4_Front
77.8048483371909,26.69158422117772,outputExpAgricultural_Both/exp12/agricultural|NONE2|0|-|-|-|-|-|FRONT|20|400|NSGAII/results/AGRICULTURAL_NSGAII_131225_07050813340819004856023387_4_Front
45.4013887196979,54.7706943264043,outputExpAgricultural_Both/exp12/agricultural|NONE2|0|-|-|-|-|-|FRONT|20|400|NSGAII/results/AGRICULTURAL_NSGAII_131225_07050813340819004856023387_4_Front
31.916189548057012,66.85780559611962,outputExpAgricultural_Both/exp12/agricultural|NONE2|0|-|-|-|-|-|FRONT|20|400|NSGAII/results/AGRICULTURAL_NSGAII_131225_07050813340819004856023387_4_Front
75.16140821050067,27.852128713568646,outputExpAgricultural_Both/exp12/agricultural|NONE2|0|-|-|-|-|-|FRONT|20|400|NSGAII/results/AGRICULTURAL_NSGAII_131225_07050813340819004856023387_4_Front
0.2923620416615858,99.7110377566688,outputExpAgricultural_Both/exp12/agricultural|NONE2|0|-|-|-|-|-|FRONT|20|400|NSGAII/results/AGRICULTURAL_NSGAII_131225_0705342420748751353616306_5_Front
87.1847971738336,19.64915081537688,outputExpAgricultural_Both/exp12/agricultural|NONE2|0|-|-|-|-|-|FRONT|20|400|NSGAII/results/AGRICULTURAL_NSGAII_131225_0705342420748751353616306_5_Front
18.491899135095633,92.6134789570313,outputExpAgricultural_Both/exp12/agricultural|NONE2|0|-|-|-|-|-|FRONT|20|400|NSGAII/results/AGRICULTURAL_NSGAII_131225_0705342420748751353616306_5_Front
66.92654403703253,39.063150035920714,outputExpAgricultural_Both/exp12/agricultural|NONE2|0|-|-|-|-|-|FRONT|20|400|NSGAII/results/AGRICULTURAL_NSGAII_131225_0705342420748751353616306_5_Front
52.99062005116336,43.1956763660439,outputExpAgricultural_Both/exp12/agricultural|NONE2|0|-|-|-|-|-|FRONT|20|400|NSGAII/results/AGRICULTURAL_NSGAII_131225_0705342420748751353616306_5_Front
6.151784626629309,92.99672722321088,outputExpAgricultural_Both/exp12/agricultural|NONE2|0|-|-|-|-|-|FRONT|20|400|NSGAII/results/AGRICULTURAL_NSGAII_131225_0705342420748751353616306_5_Front
33.926178584480446,62.08387136155967,outputExpAgricultural_Both/exp12/agricultural|NONE2|0|-|-|-|-|-|FRONT|20|400|NSGAII/results/AGRICULTURAL_NSGAII_131225_0705342420748751353616306_5_Front
26.008039956145694,77.55541886377829,outputExpAgricultural_Both/exp12/agricultural|NONE2|0|-|-|-|-|-|FRONT|20|400|NSGAII/results/AGRICULTURAL_NSGAII_131225_0705342420748751353616306_5_Front
70.5688878060665,34.21897083613107,outputExpAgricultural_Both/exp12/agricultural|NONE2|0|-|-|-|-|-|FRONT|20|400|NSGAII/results/AGRICULTURAL_NSGAII_131225_0705342420748751353616306_5_Front
49.70154708247046,45.212871356864156,outputExpAgricultural_Both/exp12/agricultural|NONE2|0|-|-|-|-|-|FRONT|20|400|NSGAII/results/AGRICULTURAL_NSGAII_131225_0705342420748751353616306_5_Front
44.15885004263614,55.29433861266194,outputExpAgricultural_Both/exp12/agricultural|NONE2|0|-|-|-|-|-|FRONT|20|400|NSGAII/results/AGRICULTURAL_NSGAII_131225_0705342420748751353616306_5_Front
80.69192349859911,24.5696791551822,outputExpAgricultural_Both/exp12/agricultural|NONE2|0|-|-|-|-|-|FRONT|20|400|NSGAII/results/AGRICULTURAL_NSGAII_131225_0705342420748751353616306_5_Front
26.836399074186872,77.22044053359879,outputExpAgricultural_Both/exp12/agricultural|NONE2|0|-|-|-|-|-|FRONT|20|400|NSGAII/results/AGRICULTURAL_NSGAII_131225_0705342420748751353616306_5_Front
30.490924594956752,67.41845057261855,outputExpAgricultural_Both/exp12/agricultural|NONE2|0|-|-|-|-|-|FRONT|20|400|NSGAII/results/AGRICULTURAL_NSGAII_131225_0705342420748751353616306_5_Front
2.0465342916311413,99.12287703844221,outputExpAgricultural_Both/exp12/agricultural|NONE2|0|-|-|-|-|-|FRONT|20|400|NSGAII/results/AGRICULTURAL_NSGAII_131225_0705342420748751353616306_5_Front
77.8048483371909,26.69158422117772,outputExpAgricultural_Both/exp12/agricultural|NONE2|0|-|-|-|-|-|FRONT|20|400|NSGAII/results/AGRICULTURAL_NSGAII_131225_0705342420748751353616306_5_Front
45.4013887196979,54.7706943264043,outputExpAgricultural_Both/exp12/agricultural|NONE2|0|-|-|-|-|-|FRONT|20|400|NSGAII/results/AGRICULTURAL_NSGAII_131225_0705342420748751353616306_5_Front
0.024363503471796565,99.95126051209328,outputExpAgricultural_Both/exp12/agricultural|NONE2|0|-|-|-|-|-|FRONT|20|400|NSGAII/results/AGRICULTURAL_NSGAII_131225_0706519838270415699951957_6_Front
87.1847971738336,19.64915081537688,outputExpAgricultural_Both/exp12/agricultural|NONE2|0|-|-|-|-|-|FRONT|20|400|NSGAII/results/AGRICULTURAL_NSGAII_131225_0706519838270415699951957_6_Front
18.491899135095633,92.61329113626866,outputExpAgricultural_Both/exp12/agricultural|NONE2|0|-|-|-|-|-|FRONT|20|400|NSGAII/results/AGRICULTURAL_NSGAII_131225_0706519838270415699951957_6_Front
52.99062005116336,43.1956763660439,outputExpAgricultural_Both/exp12/agricultural|NONE2|0|-|-|-|-|-|FRONT|20|400|NSGAII/results/AGRICULTURAL_NSGAII_131225_0706519838270415699951957_6_Front
6.151784626629309,92.99672722321088,outputExpAgricultural_Both/exp12/agricultural|NONE2|0|-|-|-|-|-|FRONT|20|400|NSGAII/results/AGRICULTURAL_NSGAII_131225_0706519838270415699951957_6_Front
26.008039956145694,77.55541886377829,outputExpAgricultural_Both/exp12/agricultural|NONE2|0|-|-|-|-|-|FRONT|20|400|NSGAII/results/AGRICULTURAL_NSGAII_131225_0706519838270415699951957_6_Front
66.92654403703253,39.063150035920714,outputExpAgricultural_Both/exp12/agricultural|NONE2|0|-|-|-|-|-|FRONT|20|400|NSGAII/results/AGRICULTURAL_NSGAII_131225_0706519838270415699951957_6_Front
77.8048483371909,26.69158422117772,outputExpAgricultural_Both/exp12/agricultural|NONE2|0|-|-|-|-|-|FRONT|20|400|NSGAII/results/AGRICULTURAL_NSGAII_131225_0706519838270415699951957_6_Front
44.15885004263614,55.29433861266194,outputExpAgricultural_Both/exp12/agricultural|NONE2|0|-|-|-|-|-|FRONT|20|400|NSGAII/results/AGRICULTURAL_NSGAII_131225_0706519838270415699951957_6_Front
34.12108661225485,61.90346951903798,outputExpAgricultural_Both/exp12/agricultural|NONE2|0|-|-|-|-|-|FRONT|20|400|NSGAII/results/AGRICULTURAL_NSGAII_131225_0706519838270415699951957_6_Front
45.4013887196979,54.7706943264043,outputExpAgricultural_Both/exp12/agricultural|NONE2|0|-|-|-|-|-|FRONT|20|400|NSGAII/results/AGRICULTURAL_NSGAII_131225_0706519838270415699951957_6_Front
70.5688878060665,34.21897083613107,outputExpAgricultural_Both/exp12/agricultural|NONE2|0|-|-|-|-|-|FRONT|20|400|NSGAII/results/AGRICULTURAL_NSGAII_131225_0706519838270415699951957_6_Front
49.555366061639674,45.392240185191284,outputExpAgricultural_Both/exp12/agricultural|NONE2|0|-|-|-|-|-|FRONT|20|400|NSGAII/results/AGRICULTURAL_NSGAII_131225_0706519838270415699951957_6_Front
2.0465342916311413,99.12287703844221,outputExpAgricultural_Both/exp12/agricultural|NONE2|0|-|-|-|-|-|FRONT|20|400|NSGAII/results/AGRICULTURAL_NSGAII_131225_0706519838270415699951957_6_Front
30.47874284322085,67.42953199761467,outputExpAgricultural_Both/exp12/agricultural|NONE2|0|-|-|-|-|-|FRONT|20|400|NSGAII/results/AGRICULTURAL_NSGAII_131225_0706519838270415699951957_6_Front
80.69192349859911,24.5696791551822,outputExpAgricultural_Both/exp12/agricultural|NONE2|0|-|-|-|-|-|FRONT|20|400|NSGAII/results/AGRICULTURAL_NSGAII_131225_0706519838270415699951957_6_Front
0.024363503471796565,99.95126051209328,outputExpAgricultural_Both/exp12/agricultural|NONE2|0|-|-|-|-|-|FRONT|20|400|NSGAII/results/AGRICULTURAL_NSGAII_131225_070707240141275320378621_7_Front
100.0,0.0,outputExpAgricultural_Both/exp12/agricultural|NONE2|0|-|-|-|-|-|FRONT|20|400|NSGAII/results/AGRICULTURAL_NSGAII_131225_070707240141275320378621_7_Front
95.84602265805823,3.146091684705283,outputExpAgricultural_Both/exp12/agricultural|NONE2|0|-|-|-|-|-|FRONT|20|400|NSGAII/results/AGRICULTURAL_NSGAII_131225_070707240141275320378621_7_Front
66.92654403703253,39.063150035920714,outputExpAgricultural_Both/exp12/agricultural|NONE2|0|-|-|-|-|-|FRONT|20|400|NSGAII/results/AGRICULTURAL_NSGAII_131225_070707240141275320378621_7_Front
26.008039956145694,77.55541886377829,outputExpAgricultural_Both/exp12/agricultural|NONE2|0|-|-|-|-|-|FRONT|20|400|NSGAII/results/AGRICULTURAL_NSGAII_131225_070707240141275320378621_7_Front
52.99062005116336,43.1956763660439,outputExpAgricultural_Both/exp12/agricultural|NONE2|0|-|-|-|-|-|FRONT|20|400|NSGAII/results/AGRICULTURAL_NSGAII_131225_070707240141275320378621_7_Front
34.12108661225485,61.90346951903798,outputExpAgricultural_Both/exp12/agricultural|NONE2|0|-|-|-|-|-|FRONT|20|400|NSGAII/results/AGRICULTURAL_NSGAII_131225_070707240141275320378621_7_Front
6.151784626629309,92.99672722321088,outputExpAgricultural_Both/exp12/agricultural|NONE2|0|-|-|-|-|-|FRONT|20|400|NSGAII/results/AGRICULTURAL_NSGAII_131225_070707240141275320378621_7_Front
30.47874284322085,67.42953199761467,outputExpAgricultural_Both/exp12/agricultural|NONE2|0|-|-|-|-|-|FRONT|20|400|NSGAII/results/AGRICULTURAL_NSGAII_131225_070707240141275320378621_7_Front
18.491899135095633,92.61329113626866,outputExpAgricultural_Both/exp12/agricultural|NONE2|0|-|-|-|-|-|FRONT|20|400|NSGAII/results/AGRICULTURAL_NSGAII_131225_070707240141275320378621_7_Front
20.90388597880375,88.43625128539834,outputExpAgricultural_Both/exp12/agricultural|NONE2|0|-|-|-|-|-|FRONT|20|400|NSGAII/results/AGRICULTURAL_NSGAII_131225_070707240141275320378621_7_Front
87.1847971738336,19.64915081537688,outputExpAgricultural_Both/exp12/agricultural|NONE2|0|-|-|-|-|-|FRONT|20|400|NSGAII/results/AGRICULTURAL_NSGAII_131225_070707240141275320378621_7_Front
77.8048483371909,26.69158422117772,outputExpAgricultural_Both/exp12/agricultural|NONE2|0|-|-|-|-|-|FRONT|20|400|NSGAII/results/AGRICULTURAL_NSGAII_131225_070707240141275320378621_7_Front
80.69192349859911,24.5696791551822,outputExpAgricultural_Both/exp12/agricultural|NONE2|0|-|-|-|-|-|FRONT|20|400|NSGAII/results/AGRICULTURAL_NSGAII_131225_070707240141275320378621_7_Front
45.4013887196979,54.7706943264043,outputExpAgricultural_Both/exp12/agricultural|NONE2|0|-|-|-|-|-|FRONT|20|400|NSGAII/results/AGRICULTURAL_NSGAII_131225_070707240141275320378621_7_Front
2.0465342916311413,99.12287703844221,outputExpAgricultural_Both/exp12/agricultural|NONE2|0|-|-|-|-|-|FRONT|20|400|NSGAII/results/AGRICULTURAL_NSGAII_131225_070707240141275320378621_7_Front
70.5688878060665,34.21897083613107,outputExpAgricultural_Both/exp12/agricultural|NONE2|0|-|-|-|-|-|FRONT|20|400|NSGAII/results/AGRICULTURAL_NSGAII_131225_070707240141275320378621_7_Front
0.024363503471796565,99.95126051209328,outputExpAgricultural_Both/exp12/agricultural|NONE2|0|-|-|-|-|-|FRONT|20|400|NSGAII/results/AGRICULTURAL_NSGAII_131225_07072817379357293756003416_8_Front
100.0,0.0,outputExpAgricultural_Both/exp12/agricultural|NONE2|0|-|-|-|-|-|FRONT|20|400|NSGAII/results/AGRICULTURAL_NSGAII_131225_07072817379357293756003416_8_Front
52.99062005116336,43.1956763660439,outputExpAgricultural_Both/exp12/agricultural|NONE2|0|-|-|-|-|-|FRONT|20|400|NSGAII/results/AGRICULTURAL_NSGAII_131225_07072817379357293756003416_8_Front
95.84602265805823,3.146091684705283,outputExpAgricultural_Both/exp12/agricultural|NONE2|0|-|-|-|-|-|FRONT|20|400|NSGAII/results/AGRICULTURAL_NSGAII_131225_07072817379357293756003416_8_Front
66.92654403703253,39.063150035920714,outputExpAgricultural_Both/exp12/agricultural|NONE2|0|-|-|-|-|-|FRONT|20|400|NSGAII/results/AGRICULTURAL_NSGAII_131225_07072817379357293756003416_8_Front
6.151784626629309,92.99672722321088,outputExpAgricultural_Both/exp12/agricultural|NONE2|0|-|-|-|-|-|FRONT|20|400|NSGAII/results/AGRICULTURAL_NSGAII_131225_07072817379357293756003416_8_Front
70.5688878060665,34.21897083613107,outputExpAgricultural_Both/exp12/agricultural|NONE2|0|-|-|-|-|-|FRONT|20|400|NSGAII/results/AGRICULTURAL_NSGAII_131225_07072817379357293756003416_8_Front
34.12108661225485,61.90346951903798,outputExpAgricultural_Both/exp12/agricultural|NONE2|0|-|-|-|-|-|FRONT|20|400|NSGAII/results/AGRICULTURAL_NSGAII_131225_07072817379357293756003416_8_Front
18.491899135095633,92.61329113626866,outputExpAgricultural_Both/exp12/agricultural|NONE2|0|-|-|-|-|-|FRONT|20|400|NSGAII/results/AGRICULTURAL_NSGAII_131225_07072817379357293756003416_8_Front
20.90388597880375,88.43625128539834,outputExpAgricultural_Both/exp12/agricultural|NONE2|0|-|-|-|-|-|FRONT|20|400|NSGAII/results/AGRICULTURAL_NSGAII_131225_07072817379357293756003416_8_Front
87.1847971738336,19.64915081537688,outputExpAgricultural_Both/exp12/agricultural|NONE2|0|-|-|-|-|-|FRONT|20|400|NSGAII/results/AGRICULTURAL_NSGAII_131225_07072817379357293756003416_8_Front
45.4013887196979,54.7706943264043,outputExpAgricultural_Both/exp12/agricultural|NONE2|0|-|-|-|-|-|FRONT|20|400|NSGAII/results/AGRICULTURAL_NSGAII_131225_07072817379357293756003416_8_Front
44.31721281520283,60.97779489033614,outputExpAgricultural_Both/exp12/agricultural|NONE2|0|-|-|-|-|-|FRONT|20|400|NSGAII/results/AGRICULTURAL_NSGAII_131225_07072817379357293756003416_8_Front
26.008039956145694,77.55541886377829,outputExpAgricultural_Both/exp12/agricultural|NONE2|0|-|-|-|-|-|FRONT|20|400|NSGAII/results/AGRICULTURAL_NSGAII_131225_07072817379357293756003416_8_Front
2.0465342916311413,99.12287703844221,outputExpAgricultural_Both/exp12/agricultural|NONE2|0|-|-|-|-|-|FRONT|20|400|NSGAII/results/AGRICULTURAL_NSGAII_131225_07072817379357293756003416_8_Front
30.052381532464373,74.83107870159506,outputExpAgricultural_Both/exp12/agricultural|NONE2|0|-|-|-|-|-|FRONT|20|400|NSGAII/results/AGRICULTURAL_NSGAII_131225_07072817379357293756003416_8_Front
0.024363503471796565,99.95126051209328,outputExpAgricultural_Both/exp12/agricultural|NONE2|0|-|-|-|-|-|FRONT|20|400|NSGAII/results/AGRICULTURAL_NSGAII_131225_07073710696645976825899229_9_Front
100.0,0.0,outputExpAgricultural_Both/exp12/agricultural|NONE2|0|-|-|-|-|-|FRONT|20|400|NSGAII/results/AGRICULTURAL_NSGAII_131225_07073710696645976825899229_9_Front
80.825922767694,24.56639229183589,outputExpAgricultural_Both/exp12/agricultural|NONE2|0|-|-|-|-|-|FRONT|20|400|NSGAII/results/AGRICULTURAL_NSGAII_131225_07073710696645976825899229_9_Front
34.12108661225485,61.90346951903798,outputExpAgricultural_Both/exp12/agricultural|NONE2|0|-|-|-|-|-|FRONT|20|400|NSGAII/results/AGRICULTURAL_NSGAII_131225_07073710696645976825899229_9_Front
52.99062005116336,43.1956763660439,outputExpAgricultural_Both/exp12/agricultural|NONE2|0|-|-|-|-|-|FRONT|20|400|NSGAII/results/AGRICULTURAL_NSGAII_131225_07073710696645976825899229_9_Front
6.151784626629309,92.99672722321088,outputExpAgricultural_Both/exp12/agricultural|NONE2|0|-|-|-|-|-|FRONT|20|400|NSGAII/results/AGRICULTURAL_NSGAII_131225_07073710696645976825899229_9_Front
45.4013887196979,54.7706943264043,outputExpAgricultural_Both/exp12/agricultural|NONE2|0|-|-|-|-|-|FRONT|20|400|NSGAII/results/AGRICULTURAL_NSGAII_131225_07073710696645976825899229_9_Front
92.72749421366792,17.34919166639277,outputExpAgricultural_Both/exp12/agricultural|NONE2|0|-|-|-|-|-|FRONT|20|400|NSGAII/results/AGRICULTURAL_NSGAII_131225_07073710696645976825899229_9_Front
30.052381532464373,74.83107870159506,outputExpAgricultural_Both/exp12/agricultural|NONE2|0|-|-|-|-|-|FRONT|20|400|NSGAII/results/AGRICULTURAL_NSGAII_131225_07073710696645976825899229_9_Front
66.92654403703253,39.063150035920714,outputExpAgricultural_Both/exp12/agricultural|NONE2|0|-|-|-|-|-|FRONT|20|400|NSGAII/results/AGRICULTURAL_NSGAII_131225_07073710696645976825899229_9_Front
18.491899135095633,92.61329113626866,outputExpAgricultural_Both/exp12/agricultural|NONE2|0|-|-|-|-|-|FRONT|20|400|NSGAII/results/AGRICULTURAL_NSGAII_131225_07073710696645976825899229_9_Front
44.31721281520283,60.97779489033614,outputExpAgricultural_Both/exp12/agricultural|NONE2|0|-|-|-|-|-|FRONT|20|400|NSGAII/results/AGRICULTURAL_NSGAII_131225_07073710696645976825899229_9_Front
70.5688878060665,34.21897083613107,outputExpAgricultural_Both/exp12/agricultural|NONE2|0|-|-|-|-|-|FRONT|20|400|NSGAII/results/AGRICULTURAL_NSGAII_131225_07073710696645976825899229_9_Front
95.84602265805823,3.146091684705283,outputExpAgricultural_Both/exp12/agricultural|NONE2|0|-|-|-|-|-|FRONT|20|400|NSGAII/results/AGRICULTURAL_NSGAII_131225_07073710696645976825899229_9_Front
26.008039956145694,77.55541886377829,outputExpAgricultural_Both/exp12/agricultural|NONE2|0|-|-|-|-|-|FRONT|20|400|NSGAII/results/AGRICULTURAL_NSGAII_131225_07073710696645976825899229_9_Front
0.024363503471796565,99.95126051209328,outputExpAgricultural_Both/exp12/agricultural|NONE2|0|-|-|-|-|-|FRONT|20|400|NSGAII/results/AGRICULTURAL_NSGAII_131225_0708178064384340686968649_10_Front
100.0,0.0,outputExpAgricultural_Both/exp12/agricultural|NONE2|0|-|-|-|-|-|FRONT|20|400|NSGAII/results/AGRICULTURAL_NSGAII_131225_0708178064384340686968649_10_Front
92.72749421366792,17.34919166639277,outputExpAgricultural_Both/exp12/agricultural|NONE2|0|-|-|-|-|-|FRONT|20|400|NSGAII/results/AGRICULTURAL_NSGAII_131225_0708178064384340686968649_10_Front
26.008039956145694,77.55541886377829,outputExpAgricultural_Both/exp12/agricultural|NONE2|0|-|-|-|-|-|FRONT|20|400|NSGAII/results/AGRICULTURAL_NSGAII_131225_0708178064384340686968649_10_Front
18.491899135095633,92.61329113626866,outputExpAgricultural_Both/exp12/agricultural|NONE2|0|-|-|-|-|-|FRONT|20|400|NSGAII/results/AGRICULTURAL_NSGAII_131225_0708178064384340686968649_10_Front
95.84602265805823,3.146091684705283,outputExpAgricultural_Both/exp12/agricultural|NONE2|0|-|-|-|-|-|FRONT|20|400|NSGAII/results/AGRICULTURAL_NSGAII_131225_0708178064384340686968649_10_Front
34.12108661225485,61.90346951903798,outputExpAgricultural_Both/exp12/agricultural|NONE2|0|-|-|-|-|-|FRONT|20|400|NSGAII/results/AGRICULTURAL_NSGAII_131225_0708178064384340686968649_10_Front
80.825922767694,24.56639229183589,outputExpAgricultural_Both/exp12/agricultural|NONE2|0|-|-|-|-|-|FRONT|20|400|NSGAII/results/AGRICULTURAL_NSGAII_131225_0708178064384340686968649_10_Front
80.59446948471191,24.644901370622023,outputExpAgricultural_Both/exp12/agricultural|NONE2|0|-|-|-|-|-|FRONT|20|400|NSGAII/results/AGRICULTURAL_NSGAII_131225_0708178064384340686968649_10_Front
45.4013887196979,54.7706943264043,outputExpAgricultural_Both/exp12/agricultural|NONE2|0|-|-|-|-|-|FRONT|20|400|NSGAII/results/AGRICULTURAL_NSGAII_131225_0708178064384340686968649_10_Front
59.824582775003044,40.16734829951777,outputExpAgricultural_Both/exp12/agricultural|NONE2|0|-|-|-|-|-|FRONT|20|400|NSGAII/results/AGRICULTURAL_NSGAII_131225_0708178064384340686968649_10_Front
6.151784626629309,92.99672722321088,outputExpAgricultural_Both/exp12/agricultural|NONE2|0|-|-|-|-|-|FRONT|20|400|NSGAII/results/AGRICULTURAL_NSGAII_131225_0708178064384340686968649_10_Front
44.31721281520283,60.97779489033614,outputExpAgricultural_Both/exp12/agricultural|NONE2|0|-|-|-|-|-|FRONT|20|400|NSGAII/results/AGRICULTURAL_NSGAII_131225_0708178064384340686968649_10_Front
64.92873675234499,38.003653113833465,outputExpAgricultural_Both/exp12/agricultural|NONE2|0|-|-|-|-|-|FRONT|20|400|NSGAII/results/AGRICULTURAL_NSGAII_131225_0708178064384340686968649_10_Front
52.99062005116336,43.1956763660439,outputExpAgricultural_Both/exp12/agricultural|NONE2|0|-|-|-|-|-|FRONT|20|400|NSGAII/results/AGRICULTURAL_NSGAII_131225_0708178064384340686968649_10_Front
70.5688878060665,34.21897083613107,outputExpAgricultural_Both/exp12/agricultural|NONE2|0|-|-|-|-|-|FRONT|20|400|NSGAII/results/AGRICULTURAL_NSGAII_131225_0708178064384340686968649_10_Front
30.673650870995257,67.2487545135677,outputExpAgricultural_Both/exp12/agricultural|NONE2|0|-|-|-|-|-|FRONT|20|400|NSGAII/results/AGRICULTURAL_NSGAII_131225_0708178064384340686968649_10_Front
0.024363503471796565,99.95126051209328,outputExpAgricultural_Both/exp12/agricultural|NONE2|0|-|-|-|-|-|FRONT|20|400|NSGAII/results/AGRICULTURAL_NSGAII_131225_0708246825035672692477425_11_Front
100.0,0.0,outputExpAgricultural_Both/exp12/agricultural|NONE2|0|-|-|-|-|-|FRONT|20|400|NSGAII/results/AGRICULTURAL_NSGAII_131225_0708246825035672692477425_11_Front
92.72749421366792,17.34919166639277,outputExpAgricultural_Both/exp12/agricultural|NONE2|0|-|-|-|-|-|FRONT|20|400|NSGAII/results/AGRICULTURAL_NSGAII_131225_0708246825035672692477425_11_Front
18.491899135095633,92.61329113626866,outputExpAgricultural_Both/exp12/agricultural|NONE2|0|-|-|-|-|-|FRONT|20|400|NSGAII/results/AGRICULTURAL_NSGAII_131225_0708246825035672692477425_11_Front
6.151784626629309,92.99672722321088,outputExpAgricultural_Both/exp12/agricultural|NONE2|0|-|-|-|-|-|FRONT|20|400|NSGAII/results/AGRICULTURAL_NSGAII_131225_0708246825035672692477425_11_Front
45.4013887196979,54.7706943264043,outputExpAgricultural_Both/exp12/agricultural|NONE2|0|-|-|-|-|-|FRONT|20|400|NSGAII/results/AGRICULTURAL_NSGAII_131225_0708246825035672692477425_11_Front
24.44877573395054,78.37704078997412,outputExpAgricultural_Both/exp12/agricultural|NONE2|0|-|-|-|-|-|FRONT|20|400|NSGAII/results/AGRICULTURAL_NSGAII_131225_0708246825035672692477425_11_Front
30.673650870995257,67.2487545135677,outputExpAgricultural_Both/exp12/agricultural|NONE2|0|-|-|-|-|-|FRONT|20|400|NSGAII/results/AGRICULTURAL_NSGAII_131225_0708246825035672692477425_11_Front
72.90778413935925,30.527541567082523,outputExpAgricultural_Both/exp12/agricultural|NONE2|0|-|-|-|-|-|FRONT|20|400|NSGAII/results/AGRICULTURAL_NSGAII_131225_0708246825035672692477425_11_Front
59.824582775003044,40.16734829951777,outputExpAgricultural_Both/exp12/agricultural|NONE2|0|-|-|-|-|-|FRONT|20|400|NSGAII/results/AGRICULTURAL_NSGAII_131225_0708246825035672692477425_11_Front
64.92873675234499,38.003653113833465,outputExpAgricultural_Both/exp12/agricultural|NONE2|0|-|-|-|-|-|FRONT|20|400|NSGAII/results/AGRICULTURAL_NSGAII_131225_0708246825035672692477425_11_Front
44.31721281520283,60.97779489033614,outputExpAgricultural_Both/exp12/agricultural|NONE2|0|-|-|-|-|-|FRONT|20|400|NSGAII/results/AGRICULTURAL_NSGAII_131225_0708246825035672692477425_11_Front
52.99062005116336,43.1956763660439,outputExpAgricultural_Both/exp12/agricultural|NONE2|0|-|-|-|-|-|FRONT|20|400|NSGAII/results/AGRICULTURAL_NSGAII_131225_0708246825035672692477425_11_Front
34.12108661225485,61.90346951903798,outputExpAgricultural_Both/exp12/agricultural|NONE2|0|-|-|-|-|-|FRONT|20|400|NSGAII/results/AGRICULTURAL_NSGAII_131225_0708246825035672692477425_11_Front
70.5688878060665,34.21897083613107,outputExpAgricultural_Both/exp12/agricultural|NONE2|0|-|-|-|-|-|FRONT|20|400|NSGAII/results/AGRICULTURAL_NSGAII_131225_0708246825035672692477425_11_Front
80.825922767694,24.56639229183589,outputExpAgricultural_Both/exp12/agricultural|NONE2|0|-|-|-|-|-|FRONT|20|400|NSGAII/results/AGRICULTURAL_NSGAII_131225_0708246825035672692477425_11_Front
95.62675112681205,3.4810700148847964,outputExpAgricultural_Both/exp12/agricultural|NONE2|0|-|-|-|-|-|FRONT|20|400|NSGAII/results/AGRICULTURAL_NSGAII_131225_0708246825035672692477425_11_Front
0.024363503471796565,99.95126051209328,outputExpAgricultural_Both/exp12/agricultural|NONE2|0|-|-|-|-|-|FRONT|20|400|NSGAII/results/AGRICULTURAL_NSGAII_131225_0709013219159346188979582_12_Front
100.0,0.0,outputExpAgricultural_Both/exp12/agricultural|NONE2|0|-|-|-|-|-|FRONT|20|400|NSGAII/results/AGRICULTURAL_NSGAII_131225_0709013219159346188979582_12_Front
92.72749421366792,17.34919166639277,outputExpAgricultural_Both/exp12/agricultural|NONE2|0|-|-|-|-|-|FRONT|20|400|NSGAII/results/AGRICULTURAL_NSGAII_131225_0709013219159346188979582_12_Front
80.825922767694,24.56639229183589,outputExpAgricultural_Both/exp12/agricultural|NONE2|0|-|-|-|-|-|FRONT|20|400|NSGAII/results/AGRICULTURAL_NSGAII_131225_0709013219159346188979582_12_Front
6.151784626629309,92.99672722321088,outputExpAgricultural_Both/exp12/agricultural|NONE2|0|-|-|-|-|-|FRONT|20|400|NSGAII/results/AGRICULTURAL_NSGAII_131225_0709013219159346188979582_12_Front
18.491899135095633,92.61329113626866,outputExpAgricultural_Both/exp12/agricultural|NONE2|0|-|-|-|-|-|FRONT|20|400|NSGAII/results/AGRICULTURAL_NSGAII_131225_0709013219159346188979582_12_Front
95.62675112681205,3.4810700148847964,outputExpAgricultural_Both/exp12/agricultural|NONE2|0|-|-|-|-|-|FRONT|20|400|NSGAII/results/AGRICULTURAL_NSGAII_131225_0709013219159346188979582_12_Front
44.31721281520283,60.97779489033614,outputExpAgricultural_Both/exp12/agricultural|NONE2|0|-|-|-|-|-|FRONT|20|400|NSGAII/results/AGRICULTURAL_NSGAII_131225_0709013219159346188979582_12_Front
24.44877573395054,78.37704078997412,outputExpAgricultural_Both/exp12/agricultural|NONE2|0|-|-|-|-|-|FRONT|20|400|NSGAII/results/AGRICULTURAL_NSGAII_131225_0709013219159346188979582_12_Front
49.57972956511147,45.33955646126901,outputExpAgricultural_Both/exp12/agricultural|NONE2|0|-|-|-|-|-|FRONT|20|400|NSGAII/results/AGRICULTURAL_NSGAII_131225_0709013219159346188979582_12_Front
34.12108661225485,61.90346951903798,outputExpAgricultural_Both/exp12/agricultural|NONE2|0|-|-|-|-|-|FRONT|20|400|NSGAII/results/AGRICULTURAL_NSGAII_131225_0709013219159346188979582_12_Front
73.45596296747472,30.230221299813586,outputExpAgricultural_Both/exp12/agricultural|NONE2|0|-|-|-|-|-|FRONT|20|400|NSGAII/results/AGRICULTURAL_NSGAII_131225_0709013219159346188979582_12_Front
30.673650870995257,67.2487545135677,outputExpAgricultural_Both/exp12/agricultural|NONE2|0|-|-|-|-|-|FRONT|20|400|NSGAII/results/AGRICULTURAL_NSGAII_131225_0709013219159346188979582_12_Front
66.46363747106834,32.99898107236266,outputExpAgricultural_Both/exp12/agricultural|NONE2|0|-|-|-|-|-|FRONT|20|400|NSGAII/results/AGRICULTURAL_NSGAII_131225_0709013219159346188979582_12_Front
59.666220002436354,40.28342153083314,outputExpAgricultural_Both/exp12/agricultural|NONE2|0|-|-|-|-|-|FRONT|20|400|NSGAII/results/AGRICULTURAL_NSGAII_131225_0709013219159346188979582_12_Front
0.024363503471796565,99.95126051209328,outputExpAgricultural_Both/exp12/agricultural|NONE2|0|-|-|-|-|-|FRONT|20|400|NSGAII/results/AGRICULTURAL_NSGAII_131225_07093016077605816799241835_13_Front
100.0,0.0,outputExpAgricultural_Both/exp12/agricultural|NONE2|0|-|-|-|-|-|FRONT|20|400|NSGAII/results/AGRICULTURAL_NSGAII_131225_07093016077605816799241835_13_Front
83.05518333536362,8.62576243490837,outputExpAgricultural_Both/exp12/agricultural|NONE2|0|-|-|-|-|-|FRONT|20|400|NSGAII/results/AGRICULTURAL_NSGAII_131225_07093016077605816799241835_13_Front
59.666220002436354,40.28342153083314,outputExpAgricultural_Both/exp12/agricultural|NONE2|0|-|-|-|-|-|FRONT|20|400|NSGAII/results/AGRICULTURAL_NSGAII_131225_07093016077605816799241835_13_Front
80.825922767694,24.56639229183589,outputExpAgricultural_Both/exp12/agricultural|NONE2|0|-|-|-|-|-|FRONT|20|400|NSGAII/results/AGRICULTURAL_NSGAII_131225_07093016077605816799241835_13_Front
92.22804239249605,1.9044086228512151,outputExpAgricultural_Both/exp12/agricultural|NONE2|0|-|-|-|-|-|FRONT|20|400|NSGAII/results/AGRICULTURAL_NSGAII_131225_07093016077605816799241835_13_Front
66.46363747106834,32.99898107236266,outputExpAgricultural_Both/exp12/agricultural|NONE2|0|-|-|-|-|-|FRONT|20|400|NSGAII/results/AGRICULTURAL_NSGAII_131225_07093016077605816799241835_13_Front
44.31721281520283,60.97779489033614,outputExpAgricultural_Both/exp12/agricultural|NONE2|0|-|-|-|-|-|FRONT|20|400|NSGAII/results/AGRICULTURAL_NSGAII_131225_07093016077605816799241835_13_Front
18.491899135095633,92.61329113626866,outputExpAgricultural_Both/exp12/agricultural|NONE2|0|-|-|-|-|-|FRONT|20|400|NSGAII/results/AGRICULTURAL_NSGAII_131225_07093016077605816799241835_13_Front
34.12108661225485,61.90346951903798,outputExpAgricultural_Both/exp12/agricultural|NONE2|0|-|-|-|-|-|FRONT|20|400|NSGAII/results/AGRICULTURAL_NSGAII_131225_07093016077605816799241835_13_Front
48.94627847484469,45.67453479144851,outputExpAgricultural_Both/exp12/agricultural|NONE2|0|-|-|-|-|-|FRONT|20|400|NSGAII/results/AGRICULTURAL_NSGAII_131225_07093016077605816799241835_13_Front
6.151784626629309,92.99672722321088,outputExpAgricultural_Both/exp12/agricultural|NONE2|0|-|-|-|-|-|FRONT|20|400|NSGAII/results/AGRICULTURAL_NSGAII_131225_07093016077605816799241835_13_Front
20.842977220124258,88.44301283285361,outputExpAgricultural_Both/exp12/agricultural|NONE2|0|-|-|-|-|-|FRONT|20|400|NSGAII/results/AGRICULTURAL_NSGAII_131225_07093016077605816799241835_13_Front
49.57972956511147,45.33955646126901,outputExpAgricultural_Both/exp12/agricultural|NONE2|0|-|-|-|-|-|FRONT|20|400|NSGAII/results/AGRICULTURAL_NSGAII_131225_07093016077605816799241835_13_Front
25.28931660372762,78.04206245979462,outputExpAgricultural_Both/exp12/agricultural|NONE2|0|-|-|-|-|-|FRONT|20|400|NSGAII/results/AGRICULTURAL_NSGAII_131225_07093016077605816799241835_13_Front
30.47874284322085,67.4292502664707,outputExpAgricultural_Both/exp12/agricultural|NONE2|0|-|-|-|-|-|FRONT|20|400|NSGAII/results/AGRICULTURAL_NSGAII_131225_07093016077605816799241835_13_Front
0.024363503471796565,99.95126051209328,outputExpAgricultural_Both/exp12/agricultural|NONE2|0|-|-|-|-|-|FRONT|20|400|NSGAII/results/AGRICULTURAL_NSGAII_131225_071027418219047224016270_14_Front
100.0,0.0,outputExpAgricultural_Both/exp12/agricultural|NONE2|0|-|-|-|-|-|FRONT|20|400|NSGAII/results/AGRICULTURAL_NSGAII_131225_071027418219047224016270_14_Front
78.73066146911926,14.841690574684582,outputExpAgricultural_Both/exp12/agricultural|NONE2|0|-|-|-|-|-|FRONT|20|400|NSGAII/results/AGRICULTURAL_NSGAII_131225_071027418219047224016270_14_Front
44.31721281520283,60.97779489033614,outputExpAgricultural_Both/exp12/agricultural|NONE2|0|-|-|-|-|-|FRONT|20|400|NSGAII/results/AGRICULTURAL_NSGAII_131225_071027418219047224016270_14_Front
30.47874284322085,67.4292502664707,outputExpAgricultural_Both/exp12/agricultural|NONE2|0|-|-|-|-|-|FRONT|20|400|NSGAII/results/AGRICULTURAL_NSGAII_131225_071027418219047224016270_14_Front
66.46363747106834,32.99898107236266,outputExpAgricultural_Both/exp12/agricultural|NONE2|0|-|-|-|-|-|FRONT|20|400|NSGAII/results/AGRICULTURAL_NSGAII_131225_071027418219047224016270_14_Front
34.12108661225485,61.90346951903798,outputExpAgricultural_Both/exp12/agricultural|NONE2|0|-|-|-|-|-|FRONT|20|400|NSGAII/results/AGRICULTURAL_NSGAII_131225_071027418219047224016270_14_Front
18.491899135095633,92.61329113626866,outputExpAgricultural_Both/exp12/agricultural|NONE2|0|-|-|-|-|-|FRONT|20|400|NSGAII/results/AGRICULTURAL_NSGAII_131225_071027418219047224016270_14_Front
92.22804239249605,1.9044086228512151,outputExpAgricultural_Both/exp12/agricultural|NONE2|0|-|-|-|-|-|FRONT|20|400|NSGAII/results/AGRICULTURAL_NSGAII_131225_071027418219047224016270_14_Front
6.151784626629309,92.99672722321088,outputExpAgricultural_Both/exp12/agricultural|NONE2|0|-|-|-|-|-|FRONT|20|400|NSGAII/results/AGRICULTURAL_NSGAII_131225_071027418219047224016270_14_Front
48.94627847484469,45.67453479144851,outputExpAgricultural_Both/exp12/agricultural|NONE2|0|-|-|-|-|-|FRONT|20|400|NSGAII/results/AGRICULTURAL_NSGAII_131225_071027418219047224016270_14_Front
86.58789133877451,5.932412698561771,outputExpAgricultural_Both/exp12/agricultural|NONE2|0|-|-|-|-|-|FRONT|20|400|NSGAII/results/AGRICULTURAL_NSGAII_131225_071027418219047224016270_14_Front
56.18223900596907,42.64620672492241,outputExpAgricultural_Both/exp12/agricultural|NONE2|0|-|-|-|-|-|FRONT|20|400|NSGAII/results/AGRICULTURAL_NSGAII_131225_071027418219047224016270_14_Front
25.28931660372762,78.04206245979462,outputExpAgricultural_Both/exp12/agricultural|NONE2|0|-|-|-|-|-|FRONT|20|400|NSGAII/results/AGRICULTURAL_NSGAII_131225_071027418219047224016270_14_Front
0.024363503471796565,99.95126051209328,outputExpAgricultural_Both/exp12/agricultural|NONE2|0|-|-|-|-|-|FRONT|20|400|NSGAII/results/AGRICULTURAL_NSGAII_131225_0710581773152914789525117_15_Front
100.0,0.0,outputExpAgricultural_Both/exp12/agricultural|NONE2|0|-|-|-|-|-|FRONT|20|400|NSGAII/results/AGRICULTURAL_NSGAII_131225_0710581773152914789525117_15_Front
11.365574369594354,91.06020124994718,outputExpAgricultural_Both/exp12/agricultural|NONE2|0|-|-|-|-|-|FRONT|20|400|NSGAII/results/AGRICULTURAL_NSGAII_131225_0710581773152914789525117_15_Front
56.18223900596907,42.64620672492241,outputExpAgricultural_Both/exp12/agricultural|NONE2|0|-|-|-|-|-|FRONT|20|400|NSGAII/results/AGRICULTURAL_NSGAII_131225_0710581773152914789525117_15_Front
71.99415275916677,29.307645713695436,outputExpAgricultural_Both/exp12/agricultural|NONE2|0|-|-|-|-|-|FRONT|20|400|NSGAII/results/AGRICULTURAL_NSGAII_131225_0710581773152914789525117_15_Front
48.008283591180415,55.82718611628922,outputExpAgricultural_Both/exp12/agricultural|NONE2|0|-|-|-|-|-|FRONT|20|400|NSGAII/results/AGRICULTURAL_NSGAII_131225_0710581773152914789525117_15_Front
78.73066146911926,14.841690574684582,outputExpAgricultural_Both/exp12/agricultural|NONE2|0|-|-|-|-|-|FRONT|20|400|NSGAII/results/AGRICULTURAL_NSGAII_131225_0710581773152914789525117_15_Front
35.07126324765502,60.87618385774456,outputExpAgricultural_Both/exp12/agricultural|NONE2|0|-|-|-|-|-|FRONT|20|400|NSGAII/results/AGRICULTURAL_NSGAII_131225_0710581773152914789525117_15_Front
6.151784626629309,92.99672722321088,outputExpAgricultural_Both/exp12/agricultural|NONE2|0|-|-|-|-|-|FRONT|20|400|NSGAII/results/AGRICULTURAL_NSGAII_131225_0710581773152914789525117_15_Front
25.28931660372762,78.04206245979462,outputExpAgricultural_Both/exp12/agricultural|NONE2|0|-|-|-|-|-|FRONT|20|400|NSGAII/results/AGRICULTURAL_NSGAII_131225_0710581773152914789525117_15_Front
48.94627847484469,45.67453479144851,outputExpAgricultural_Both/exp12/agricultural|NONE2|0|-|-|-|-|-|FRONT|20|400|NSGAII/results/AGRICULTURAL_NSGAII_131225_0710581773152914789525117_15_Front
66.46363747106834,32.99898107236266,outputExpAgricultural_Both/exp12/agricultural|NONE2|0|-|-|-|-|-|FRONT|20|400|NSGAII/results/AGRICULTURAL_NSGAII_131225_0710581773152914789525117_15_Front
25.52076988670971,77.87912794819903,outputExpAgricultural_Both/exp12/agricultural|NONE2|0|-|-|-|-|-|FRONT|20|400|NSGAII/results/AGRICULTURAL_NSGAII_131225_0710581773152914789525117_15_Front
92.22804239249605,1.9044086228512151,outputExpAgricultural_Both/exp12/agricultural|NONE2|0|-|-|-|-|-|FRONT|20|400|NSGAII/results/AGRICULTURAL_NSGAII_131225_0710581773152914789525117_15_Front
34.12108661225485,61.90346951903798,outputExpAgricultural_Both/exp12/agricultural|NONE2|0|-|-|-|-|-|FRONT|20|400|NSGAII/results/AGRICULTURAL_NSGAII_131225_0710581773152914789525117_15_Front
0.024363503471796565,99.95126051209328,outputExpAgricultural_Both/exp12/agricultural|NONE2|0|-|-|-|-|-|FRONT|20|400|NSGAII/results/AGRICULTURAL_NSGAII_131225_07120910664526176452731081_16_Front
100.0,0.0,outputExpAgricultural_Both/exp12/agricultural|NONE2|0|-|-|-|-|-|FRONT|20|400|NSGAII/results/AGRICULTURAL_NSGAII_131225_07120910664526176452731081_16_Front
92.22804239249605,1.9044086228512151,outputExpAgricultural_Both/exp12/agricultural|NONE2|0|-|-|-|-|-|FRONT|20|400|NSGAII/results/AGRICULTURAL_NSGAII_131225_07120910664526176452731081_16_Front
71.99415275916677,29.307645713695436,outputExpAgricultural_Both/exp12/agricultural|NONE2|0|-|-|-|-|-|FRONT|20|400|NSGAII/results/AGRICULTURAL_NSGAII_131225_07120910664526176452731081_16_Front
78.73066146911926,14.841690574684582,outputExpAgricultural_Both/exp12/agricultural|NONE2|0|-|-|-|-|-|FRONT|20|400|NSGAII/results/AGRICULTURAL_NSGAII_131225_07120910664526176452731081_16_Front
22.414423194055313,87.36886589127995,outputExpAgricultural_Both/exp12/agricultural|NONE2|0|-|-|-|-|-|FRONT|20|400|NSGAII/results/AGRICULTURAL_NSGAII_131225_07120910664526176452731081_16_Front
11.365574369594354,91.06020124994718,outputExpAgricultural_Both/exp12/agricultural|NONE2|0|-|-|-|-|-|FRONT|20|400|NSGAII/results/AGRICULTURAL_NSGAII_131225_07120910664526176452731081_16_Front
48.008283591180415,55.82718611628922,outputExpAgricultural_Both/exp12/agricultural|NONE2|0|-|-|-|-|-|FRONT|20|400|NSGAII/results/AGRICULTURAL_NSGAII_131225_07120910664526176452731081_16_Front
30.47874284322085,67.42971981837734,outputExpAgricultural_Both/exp12/agricultural|NONE2|0|-|-|-|-|-|FRONT|20|400|NSGAII/results/AGRICULTURAL_NSGAII_131225_07120910664526176452731081_16_Front
35.07126324765502,60.87580821621926,outputExpAgricultural_Both/exp12/agricultural|NONE2|0|-|-|-|-|-|FRONT|20|400|NSGAII/results/AGRICULTURAL_NSGAII_131225_07120910664526176452731081_16_Front
6.151784626629309,92.99672722321088,outputExpAgricultural_Both/exp12/agricultural|NONE2|0|-|-|-|-|-|FRONT|20|400|NSGAII/results/AGRICULTURAL_NSGAII_131225_07120910664526176452731081_16_Front
60.43367036179803,33.2365743371101,outputExpAgricultural_Both/exp12/agricultural|NONE2|0|-|-|-|-|-|FRONT|20|400|NSGAII/results/AGRICULTURAL_NSGAII_131225_07120910664526176452731081_16_Front
48.94627847484469,45.67453479144851,outputExpAgricultural_Both/exp12/agricultural|NONE2|0|-|-|-|-|-|FRONT|20|400|NSGAII/results/AGRICULTURAL_NSGAII_131225_07120910664526176452731081_16_Front
56.18223900596907,42.64620672492241,outputExpAgricultural_Both/exp12/agricultural|NONE2|0|-|-|-|-|-|FRONT|20|400|NSGAII/results/AGRICULTURAL_NSGAII_131225_07120910664526176452731081_16_Front
25.28931660372762,78.04206245979462,outputExpAgricultural_Both/exp12/agricultural|NONE2|0|-|-|-|-|-|FRONT|20|400|NSGAII/results/AGRICULTURAL_NSGAII_131225_07120910664526176452731081_16_Front
0.024363503471796565,99.95126051209328,outputExpAgricultural_Both/exp12/agricultural|NONE2|0|-|-|-|-|-|FRONT|20|400|NSGAII/results/AGRICULTURAL_NSGAII_131225_07292014879413383726244931_17_Front
100.0,0.0,outputExpAgricultural_Both/exp12/agricultural|NONE2|0|-|-|-|-|-|FRONT|20|400|NSGAII/results/AGRICULTURAL_NSGAII_131225_07292014879413383726244931_17_Front
71.99415275916677,29.307645713695436,outputExpAgricultural_Both/exp12/agricultural|NONE2|0|-|-|-|-|-|FRONT|20|400|NSGAII/results/AGRICULTURAL_NSGAII_131225_07292014879413383726244931_17_Front
22.414423194055313,87.36886589127995,outputExpAgricultural_Both/exp12/agricultural|NONE2|0|-|-|-|-|-|FRONT|20|400|NSGAII/results/AGRICULTURAL_NSGAII_131225_07292014879413383726244931_17_Front
82.44609574856867,12.236898327925658,outputExpAgricultural_Both/exp12/agricultural|NONE2|0|-|-|-|-|-|FRONT|20|400|NSGAII/results/AGRICULTURAL_NSGAII_131225_07292014879413383726244931_17_Front
11.365574369594354,91.06020124994718,outputExpAgricultural_Both/exp12/agricultural|NONE2|0|-|-|-|-|-|FRONT|20|400|NSGAII/results/AGRICULTURAL_NSGAII_131225_07292014879413383726244931_17_Front
6.151784626629309,92.99672722321088,outputExpAgricultural_Both/exp12/agricultural|NONE2|0|-|-|-|-|-|FRONT|20|400|NSGAII/results/AGRICULTURAL_NSGAII_131225_07292014879413383726244931_17_Front
48.94627847484469,45.67453479144851,outputExpAgricultural_Both/exp12/agricultural|NONE2|0|-|-|-|-|-|FRONT|20|400|NSGAII/results/AGRICULTURAL_NSGAII_131225_07292014879413383726244931_17_Front
38.98160555487879,59.42461109363334,outputExpAgricultural_Both/exp12/agricultural|NONE2|0|-|-|-|-|-|FRONT|20|400|NSGAII/results/AGRICULTURAL_NSGAII_131225_07292014879413383726244931_17_Front
25.28931660372762,78.04206245979462,outputExpAgricultural_Both/exp12/agricultural|NONE2|0|-|-|-|-|-|FRONT|20|400|NSGAII/results/AGRICULTURAL_NSGAII_131225_07292014879413383726244931_17_Front
92.22804239249605,1.9044086228512151,outputExpAgricultural_Both/exp12/agricultural|NONE2|0|-|-|-|-|-|FRONT|20|400|NSGAII/results/AGRICULTURAL_NSGAII_131225_07292014879413383726244931_17_Front
66.46363747106834,32.99898107236266,outputExpAgricultural_Both/exp12/agricultural|NONE2|0|-|-|-|-|-|FRONT|20|400|NSGAII/results/AGRICULTURAL_NSGAII_131225_07292014879413383726244931_17_Front
56.18223900596907,42.64620672492241,outputExpAgricultural_Both/exp12/agricultural|NONE2|0|-|-|-|-|-|FRONT|20|400|NSGAII/results/AGRICULTURAL_NSGAII_131225_07292014879413383726244931_17_Front
78.73066146911926,14.841690574684582,outputExpAgricultural_Both/exp12/agricultural|NONE2|0|-|-|-|-|-|FRONT|20|400|NSGAII/results/AGRICULTURAL_NSGAII_131225_07292014879413383726244931_17_Front
60.43367036179803,33.2365743371101,outputExpAgricultural_Both/exp12/agricultural|NONE2|0|-|-|-|-|-|FRONT|20|400|NSGAII/results/AGRICULTURAL_NSGAII_131225_07292014879413383726244931_17_Front
30.113290291143862,74.83877935286355,outputExpAgricultural_Both/exp12/agricultural|NONE2|0|-|-|-|-|-|FRONT|20|400|NSGAII/results/AGRICULTURAL_NSGAII_131225_07292014879413383726244931_17_Front
0.024363503471796565,99.95126051209328,outputExpAgricultural_Both/exp12/agricultural|NONE2|0|-|-|-|-|-|FRONT|20|400|NSGAII/results/AGRICULTURAL_NSGAII_131225_07431116585234837897828444_18_Front
100.0,0.0,outputExpAgricultural_Both/exp12/agricultural|NONE2|0|-|-|-|-|-|FRONT|20|400|NSGAII/results/AGRICULTURAL_NSGAII_131225_07431116585234837897828444_18_Front
30.113290291143862,74.83877935286355,outputExpAgricultural_Both/exp12/agricultural|NONE2|0|-|-|-|-|-|FRONT|20|400|NSGAII/results/AGRICULTURAL_NSGAII_131225_07431116585234837897828444_18_Front
71.99415275916677,29.307645713695436,outputExpAgricultural_Both/exp12/agricultural|NONE2|0|-|-|-|-|-|FRONT|20|400|NSGAII/results/AGRICULTURAL_NSGAII_131225_07431116585234837897828444_18_Front
11.365574369594354,91.06020124994718,outputExpAgricultural_Both/exp12/agricultural|NONE2|0|-|-|-|-|-|FRONT|20|400|NSGAII/results/AGRICULTURAL_NSGAII_131225_07431116585234837897828444_18_Front
56.18223900596907,42.64620672492241,outputExpAgricultural_Both/exp12/agricultural|NONE2|0|-|-|-|-|-|FRONT|20|400|NSGAII/results/AGRICULTURAL_NSGAII_131225_07431116585234837897828444_18_Front
38.98160555487879,59.42461109363334,outputExpAgricultural_Both/exp12/agricultural|NONE2|0|-|-|-|-|-|FRONT|20|400|NSGAII/results/AGRICULTURAL_NSGAII_131225_07431116585234837897828444_18_Front
39.054696065294195,59.3748385915321,outputExpAgricultural_Both/exp12/agricultural|NONE2|0|-|-|-|-|-|FRONT|20|400|NSGAII/results/AGRICULTURAL_NSGAII_131225_07431116585234837897828444_18_Front
48.88536971616519,45.71585535923069,outputExpAgricultural_Both/exp12/agricultural|NONE2|0|-|-|-|-|-|FRONT|20|400|NSGAII/results/AGRICULTURAL_NSGAII_131225_07431116585234837897828444_18_Front
22.414423194055313,87.36886589127995,outputExpAgricultural_Both/exp12/agricultural|NONE2|0|-|-|-|-|-|FRONT|20|400|NSGAII/results/AGRICULTURAL_NSGAII_131225_07431116585234837897828444_18_Front
60.43367036179803,33.2365743371101,outputExpAgricultural_Both/exp12/agricultural|NONE2|0|-|-|-|-|-|FRONT|20|400|NSGAII/results/AGRICULTURAL_NSGAII_131225_07431116585234837897828444_18_Front
92.22804239249605,1.9044086228512151,outputExpAgricultural_Both/exp12/agricultural|NONE2|0|-|-|-|-|-|FRONT|20|400|NSGAII/results/AGRICULTURAL_NSGAII_131225_07431116585234837897828444_18_Front
66.46363747106834,32.99898107236266,outputExpAgricultural_Both/exp12/agricultural|NONE2|0|-|-|-|-|-|FRONT|20|400|NSGAII/results/AGRICULTURAL_NSGAII_131225_07431116585234837897828444_18_Front
78.73066146911926,14.841690574684582,outputExpAgricultural_Both/exp12/agricultural|NONE2|0|-|-|-|-|-|FRONT|20|400|NSGAII/results/AGRICULTURAL_NSGAII_131225_07431116585234837897828444_18_Front
82.44609574856867,12.236898327925658,outputExpAgricultural_Both/exp12/agricultural|NONE2|0|-|-|-|-|-|FRONT|20|400|NSGAII/results/AGRICULTURAL_NSGAII_131225_07431116585234837897828444_18_Front
0.024363503471796565,99.95126051209328,outputExpAgricultural_Both/exp12/agricultural|NONE2|0|-|-|-|-|-|FRONT|20|400|NSGAII/results/AGRICULTURAL_NSGAII_131225_0743281555992602792127976_19_Front
100.0,0.0,outputExpAgricultural_Both/exp12/agricultural|NONE2|0|-|-|-|-|-|FRONT|20|400|NSGAII/results/AGRICULTURAL_NSGAII_131225_0743281555992602792127976_19_Front
22.414423194055313,87.36886589127995,outputExpAgricultural_Both/exp12/agricultural|NONE2|0|-|-|-|-|-|FRONT|20|400|NSGAII/results/AGRICULTURAL_NSGAII_131225_0743281555992602792127976_19_Front
78.73066146911926,14.841690574684582,outputExpAgricultural_Both/exp12/agricultural|NONE2|0|-|-|-|-|-|FRONT|20|400|NSGAII/results/AGRICULTURAL_NSGAII_131225_0743281555992602792127976_19_Front
71.99415275916677,29.307645713695436,outputExpAgricultural_Both/exp12/agricultural|NONE2|0|-|-|-|-|-|FRONT|20|400|NSGAII/results/AGRICULTURAL_NSGAII_131225_0743281555992602792127976_19_Front
48.88536971616519,45.71585535923069,outputExpAgricultural_Both/exp12/agricultural|NONE2|0|-|-|-|-|-|FRONT|20|400|NSGAII/results/AGRICULTURAL_NSGAII_131225_0743281555992602792127976_19_Front
56.18223900596907,42.64620672492241,outputExpAgricultural_Both/exp12/agricultural|NONE2|0|-|-|-|-|-|FRONT|20|400|NSGAII/results/AGRICULTURAL_NSGAII_131225_0743281555992602792127976_19_Front
33.95054208795224,62.07006653550518,outputExpAgricultural_Both/exp12/agricultural|NONE2|0|-|-|-|-|-|FRONT|20|400|NSGAII/results/AGRICULTURAL_NSGAII_131225_0743281555992602792127976_19_Front
39.054696065294195,59.3748385915321,outputExpAgricultural_Both/exp12/agricultural|NONE2|0|-|-|-|-|-|FRONT|20|400|NSGAII/results/AGRICULTURAL_NSGAII_131225_0743281555992602792127976_19_Front
82.44609574856867,12.236898327925658,outputExpAgricultural_Both/exp12/agricultural|NONE2|0|-|-|-|-|-|FRONT|20|400|NSGAII/results/AGRICULTURAL_NSGAII_131225_0743281555992602792127976_19_Front
6.115239371421613,96.74797740516223,outputExpAgricultural_Both/exp12/agricultural|NONE2|0|-|-|-|-|-|FRONT|20|400|NSGAII/results/AGRICULTURAL_NSGAII_131225_0743281555992602792127976_19_Front
25.28931660372762,78.04206245979462,outputExpAgricultural_Both/exp12/agricultural|NONE2|0|-|-|-|-|-|FRONT|20|400|NSGAII/results/AGRICULTURAL_NSGAII_131225_0743281555992602792127976_19_Front
11.365574369594354,91.06020124994718,outputExpAgricultural_Both/exp12/agricultural|NONE2|0|-|-|-|-|-|FRONT|20|400|NSGAII/results/AGRICULTURAL_NSGAII_131225_0743281555992602792127976_19_Front
89.25569496893654,4.597758359197815,outputExpAgricultural_Both/exp12/agricultural|NONE2|0|-|-|-|-|-|FRONT|20|400|NSGAII/results/AGRICULTURAL_NSGAII_131225_0743281555992602792127976_19_Front
30.113290291143862,74.83877935286355,outputExpAgricultural_Both/exp12/agricultural|NONE2|0|-|-|-|-|-|FRONT|20|400|NSGAII/results/AGRICULTURAL_NSGAII_131225_0743281555992602792127976_19_Front
60.43367036179803,33.2365743371101,outputExpAgricultural_Both/exp12/agricultural|NONE2|0|-|-|-|-|-|FRONT|20|400|NSGAII/results/AGRICULTURAL_NSGAII_131225_0743281555992602792127976_19_Front
0.024363503471796565,99.95126051209328,outputExpAgricultural_Both/exp12/agricultural|NONE2|0|-|-|-|-|-|FRONT|20|400|NSGAII/results/AGRICULTURAL_NSGAII_131225_0743401331422556624770606_20_Front
100.0,0.0,outputExpAgricultural_Both/exp12/agricultural|NONE2|0|-|-|-|-|-|FRONT|20|400|NSGAII/results/AGRICULTURAL_NSGAII_131225_0743401331422556624770606_20_Front
71.99415275916677,29.307645713695436,outputExpAgricultural_Both/exp12/agricultural|NONE2|0|-|-|-|-|-|FRONT|20|400|NSGAII/results/AGRICULTURAL_NSGAII_131225_0743401331422556624770606_20_Front
39.054696065294195,59.3748385915321,outputExpAgricultural_Both/exp12/agricultural|NONE2|0|-|-|-|-|-|FRONT|20|400|NSGAII/results/AGRICULTURAL_NSGAII_131225_0743401331422556624770606_20_Front
48.88536971616519,45.71585535923069,outputExpAgricultural_Both/exp12/agricultural|NONE2|0|-|-|-|-|-|FRONT|20|400|NSGAII/results/AGRICULTURAL_NSGAII_131225_0743401331422556624770606_20_Front
56.18223900596907,42.64620672492241,outputExpAgricultural_Both/exp12/agricultural|NONE2|0|-|-|-|-|-|FRONT|20|400|NSGAII/results/AGRICULTURAL_NSGAII_131225_0743401331422556624770606_20_Front
33.95054208795224,62.07006653550518,outputExpAgricultural_Both/exp12/agricultural|NONE2|0|-|-|-|-|-|FRONT|20|400|NSGAII/results/AGRICULTURAL_NSGAII_131225_0743401331422556624770606_20_Front
60.43367036179803,33.2365743371101,outputExpAgricultural_Both/exp12/agricultural|NONE2|0|-|-|-|-|-|FRONT|20|400|NSGAII/results/AGRICULTURAL_NSGAII_131225_0743401331422556624770606_20_Front
82.44609574856867,12.236898327925658,outputExpAgricultural_Both/exp12/agricultural|NONE2|0|-|-|-|-|-|FRONT|20|400|NSGAII/results/AGRICULTURAL_NSGAII_131225_0743401331422556624770606_20_Front
78.31648191009867,15.218083383027583,outputExpAgricultural_Both/exp12/agricultural|NONE2|0|-|-|-|-|-|FRONT|20|400|NSGAII/results/AGRICULTURAL_NSGAII_131225_0743401331422556624770606_20_Front
11.365574369594354,91.06020124994718,outputExpAgricultural_Both/exp12/agricultural|NONE2|0|-|-|-|-|-|FRONT|20|400|NSGAII/results/AGRICULTURAL_NSGAII_131225_0743401331422556624770606_20_Front
22.17078815933732,87.52363019970042,outputExpAgricultural_Both/exp12/agricultural|NONE2|0|-|-|-|-|-|FRONT|20|400|NSGAII/results/AGRICULTURAL_NSGAII_131225_0743401331422556624770606_20_Front
30.84419539529784,74.49628819217821,outputExpAgricultural_Both/exp12/agricultural|NONE2|0|-|-|-|-|-|FRONT|20|400|NSGAII/results/AGRICULTURAL_NSGAII_131225_0743401331422556624770606_20_Front
88.96333292727493,4.932736689377328,outputExpAgricultural_Both/exp12/agricultural|NONE2|0|-|-|-|-|-|FRONT|20|400|NSGAII/results/AGRICULTURAL_NSGAII_131225_0743401331422556624770606_20_Front
89.25569496893654,4.597758359197815,outputExpAgricultural_Both/exp12/agricultural|NONE2|0|-|-|-|-|-|FRONT|20|400|NSGAII/results/AGRICULTURAL_NSGAII_131225_0743401331422556624770606_20_Front
49.57972956511147,45.33955646126901,outputExpAgricultural_Both/exp12/agricultural|NONE2|0|-|-|-|-|-|FRONT|20|400|NSGAII/results/AGRICULTURAL_NSGAII_131225_0743401331422556624770606_20_Front
10.732123279327563,91.17345716982284,outputExpAgricultural_Both/exp12/agricultural|Random|25|-|-|-|-|-|FRONT|20|400|NSGAII/results/AGRICULTURAL_NSGAII_131225_0815387471304001314721278_1_Front
58.3993178219028,54.01687569552377,outputExpAgricultural_Both/exp12/agricultural|Random|25|-|-|-|-|-|FRONT|20|400|NSGAII/results/AGRICULTURAL_NSGAII_131225_0815387471304001314721278_1_Front
53.87988792788404,77.96862454159995,outputExpAgricultural_Both/exp12/agricultural|Random|25|-|-|-|-|-|FRONT|20|400|NSGAII/results/AGRICULTURAL_NSGAII_131225_0815387471304001314721278_1_Front
73.16360092581313,30.50030755649883,outputExpAgricultural_Both/exp12/agricultural|Random|25|-|-|-|-|-|FRONT|20|400|NSGAII/results/AGRICULTURAL_NSGAII_131225_0815387471304001314721278_1_Front
24.339139968327444,84.1091426451737,outputExpAgricultural_Both/exp12/agricultural|Random|25|-|-|-|-|-|FRONT|20|400|NSGAII/results/AGRICULTURAL_NSGAII_131225_0815387471304001314721278_1_Front
64.5511024485321,37.05309223408101,outputExpAgricultural_Both/exp12/agricultural|Random|25|-|-|-|-|-|FRONT|20|400|NSGAII/results/AGRICULTURAL_NSGAII_131225_0815387471304001314721278_1_Front
4.726519673529047,94.56080462414718,outputExpAgricultural_Both/exp12/agricultural|Random|25|-|-|-|-|-|FRONT|20|400|NSGAII/results/AGRICULTURAL_NSGAII_131225_0816037347287098067267789_2_Front
73.16360092581313,30.50030755649883,outputExpAgricultural_Both/exp12/agricultural|Random|25|-|-|-|-|-|FRONT|20|400|NSGAII/results/AGRICULTURAL_NSGAII_131225_0816037347287098067267789_2_Front
30.91728590571325,74.2999215848316,outputExpAgricultural_Both/exp12/agricultural|Random|25|-|-|-|-|-|FRONT|20|400|NSGAII/results/AGRICULTURAL_NSGAII_131225_0816037347287098067267789_2_Front
48.81227920574978,55.50281965919923,outputExpAgricultural_Both/exp12/agricultural|Random|25|-|-|-|-|-|FRONT|20|400|NSGAII/results/AGRICULTURAL_NSGAII_131225_0816037347287098067267789_2_Front
64.5511024485321,37.05309223408101,outputExpAgricultural_Both/exp12/agricultural|Random|25|-|-|-|-|-|FRONT|20|400|NSGAII/results/AGRICULTURAL_NSGAII_131225_0816037347287098067267789_2_Front
58.3993178219028,54.01687569552377,outputExpAgricultural_Both/exp12/agricultural|Random|25|-|-|-|-|-|FRONT|20|400|NSGAII/results/AGRICULTURAL_NSGAII_131225_0816037347287098067267789_2_Front
61.627482031916195,52.29239936328762,outputExpAgricultural_Both/exp12/agricultural|Random|25|-|-|-|-|-|FRONT|20|400|NSGAII/results/AGRICULTURAL_NSGAII_131225_0816037347287098067267789_2_Front
20.550615178462657,89.45686930961784,outputExpAgricultural_Both/exp12/agricultural|Random|25|-|-|-|-|-|FRONT|20|400|NSGAII/results/AGRICULTURAL_NSGAII_131225_0816037347287098067267789_2_Front
24.741137775612128,83.04711014279074,outputExpAgricultural_Both/exp12/agricultural|Random|25|-|-|-|-|-|FRONT|20|400|NSGAII/results/AGRICULTURAL_NSGAII_131225_0816037347287098067267789_2_Front
10.732123279327563,91.17345716982284,outputExpAgricultural_Both/exp12/agricultural|Random|25|-|-|-|-|-|FRONT|20|400|NSGAII/results/AGRICULTURAL_NSGAII_131225_0816037347287098067267789_2_Front
4.763064928736756,94.54239818940785,outputExpAgricultural_Both/exp12/agricultural|Random|25|-|-|-|-|-|FRONT|20|400|NSGAII/results/AGRICULTURAL_NSGAII_131225_0816037347287098067267789_2_Front
21.439883055183344,87.69501664561508,outputExpAgricultural_Both/exp12/agricultural|Random|25|-|-|-|-|-|FRONT|20|400|NSGAII/results/AGRICULTURAL_NSGAII_131225_0816037347287098067267789_2_Front
24.339139968327444,84.1091426451737,outputExpAgricultural_Both/exp12/agricultural|Random|25|-|-|-|-|-|FRONT|20|400|NSGAII/results/AGRICULTURAL_NSGAII_131225_0816037347287098067267789_2_Front
61.26202947983921,52.85126004254139,outputExpAgricultural_Both/exp12/agricultural|Random|25|-|-|-|-|-|FRONT|20|400|NSGAII/results/AGRICULTURAL_NSGAII_131225_0816037347287098067267789_2_Front
0.04872700694359313,99.97088778178983,outputExpAgricultural_Both/exp12/agricultural|Random|25|-|-|-|-|-|FRONT|20|400|NSGAII/results/AGRICULTURAL_NSGAII_131225_08163214012055972540826022_3_Front
73.16360092581313,30.50030755649883,outputExpAgricultural_Both/exp12/agricultural|Random|25|-|-|-|-|-|FRONT|20|400|NSGAII/results/AGRICULTURAL_NSGAII_131225_08163214012055972540826022_3_Front
33.99926909489585,62.03672835013546,outputExpAgricultural_Both/exp12/agricultural|Random|25|-|-|-|-|-|FRONT|20|400|NSGAII/results/AGRICULTURAL_NSGAII_131225_08163214012055972540826022_3_Front
48.81227920574978,55.50281965919923,outputExpAgricultural_Both/exp12/agricultural|Random|25|-|-|-|-|-|FRONT|20|400|NSGAII/results/AGRICULTURAL_NSGAII_131225_08163214012055972540826022_3_Front
64.5511024485321,37.05309223408101,outputExpAgricultural_Both/exp12/agricultural|Random|25|-|-|-|-|-|FRONT|20|400|NSGAII/results/AGRICULTURAL_NSGAII_131225_08163214012055972540826022_3_Front
58.3993178219028,54.01687569552377,outputExpAgricultural_Both/exp12/agricultural|Random|25|-|-|-|-|-|FRONT|20|400|NSGAII/results/AGRICULTURAL_NSGAII_131225_08163214012055972540826022_3_Front
30.91728590571325,74.2999215848316,outputExpAgricultural_Both/exp12/agricultural|Random|25|-|-|-|-|-|FRONT|20|400|NSGAII/results/AGRICULTURAL_NSGAII_131225_08163214012055972540826022_3_Front
20.550615178462657,89.45686930961784,outputExpAgricultural_Both/exp12/agricultural|Random|25|-|-|-|-|-|FRONT|20|400|NSGAII/results/AGRICULTURAL_NSGAII_131225_08163214012055972540826022_3_Front
25.313680107199417,82.27760847822923,outputExpAgricultural_Both/exp12/agricultural|Random|25|-|-|-|-|-|FRONT|20|400|NSGAII/results/AGRICULTURAL_NSGAII_131225_08163214012055972540826022_3_Front
10.732123279327563,91.17345716982284,outputExpAgricultural_Both/exp12/agricultural|Random|25|-|-|-|-|-|FRONT|20|400|NSGAII/results/AGRICULTURAL_NSGAII_131225_08163214012055972540826022_3_Front
61.627482031916195,52.29239936328762,outputExpAgricultural_Both/exp12/agricultural|Random|25|-|-|-|-|-|FRONT|20|400|NSGAII/results/AGRICULTURAL_NSGAII_131225_08163214012055972540826022_3_Front
2.3267145815568284,97.53241082035413,outputExpAgricultural_Both/exp12/agricultural|Random|25|-|-|-|-|-|FRONT|20|400|NSGAII/results/AGRICULTURAL_NSGAII_131225_08163214012055972540826022_3_Front
21.439883055183344,87.69501664561508,outputExpAgricultural_Both/exp12/agricultural|Random|25|-|-|-|-|-|FRONT|20|400|NSGAII/results/AGRICULTURAL_NSGAII_131225_08163214012055972540826022_3_Front
24.339139968327444,84.1091426451737,outputExpAgricultural_Both/exp12/agricultural|Random|25|-|-|-|-|-|FRONT|20|400|NSGAII/results/AGRICULTURAL_NSGAII_131225_08163214012055972540826022_3_Front
61.26202947983921,52.85126004254139,outputExpAgricultural_Both/exp12/agricultural|Random|25|-|-|-|-|-|FRONT|20|400|NSGAII/results/AGRICULTURAL_NSGAII_131225_08163214012055972540826022_3_Front
4.726519673529047,94.56080462414718,outputExpAgricultural_Both/exp12/agricultural|Random|25|-|-|-|-|-|FRONT|20|400|NSGAII/results/AGRICULTURAL_NSGAII_131225_08163214012055972540826022_3_Front
0.04872700694359313,99.97088778178983,outputExpAgricultural_Both/exp12/agricultural|Random|25|-|-|-|-|-|FRONT|20|400|NSGAII/results/AGRICULTURAL_NSGAII_131225_0823173960350630701278463_4_Front
75.27104397612378,24.857702294700164,outputExpAgricultural_Both/exp12/agricultural|Random|25|-|-|-|-|-|FRONT|20|400|NSGAII/results/AGRICULTURAL_NSGAII_131225_0823173960350630701278463_4_Front
64.5511024485321,37.05309223408101,outputExpAgricultural_Both/exp12/agricultural|Random|25|-|-|-|-|-|FRONT|20|400|NSGAII/results/AGRICULTURAL_NSGAII_131225_0823173960350630701278463_4_Front
45.486660981849184,61.10457390512235,outputExpAgricultural_Both/exp12/agricultural|Random|25|-|-|-|-|-|FRONT|20|400|NSGAII/results/AGRICULTURAL_NSGAII_131225_0823173960350630701278463_4_Front
10.732123279327563,91.17345716982284,outputExpAgricultural_Both/exp12/agricultural|Random|25|-|-|-|-|-|FRONT|20|400|NSGAII/results/AGRICULTURAL_NSGAII_131225_0823173960350630701278463_4_Front
61.627482031916195,52.29239936328762,outputExpAgricultural_Both/exp12/agricultural|Random|25|-|-|-|-|-|FRONT|20|400|NSGAII/results/AGRICULTURAL_NSGAII_131225_0823173960350630701278463_4_Front
30.91728590571325,74.2999215848316,outputExpAgricultural_Both/exp12/agricultural|Random|25|-|-|-|-|-|FRONT|20|400|NSGAII/results/AGRICULTURAL_NSGAII_131225_0823173960350630701278463_4_Front
73.16360092581313,30.50030755649883,outputExpAgricultural_Both/exp12/agricultural|Random|25|-|-|-|-|-|FRONT|20|400|NSGAII/results/AGRICULTURAL_NSGAII_131225_0823173960350630701278463_4_Front
34.98599098550372,61.631129413200995,outputExpAgricultural_Both/exp12/agricultural|Random|25|-|-|-|-|-|FRONT|20|400|NSGAII/results/AGRICULTURAL_NSGAII_131225_0823173960350630701278463_4_Front
33.99926909489585,62.03672835013546,outputExpAgricultural_Both/exp12/agricultural|Random|25|-|-|-|-|-|FRONT|20|400|NSGAII/results/AGRICULTURAL_NSGAII_131225_0823173960350630701278463_4_Front
19.5151662809112,89.9445459198287,outputExpAgricultural_Both/exp12/agricultural|Random|25|-|-|-|-|-|FRONT|20|400|NSGAII/results/AGRICULTURAL_NSGAII_131225_0823173960350630701278463_4_Front
26.178584480448286,81.85951946057877,outputExpAgricultural_Both/exp12/agricultural|Random|25|-|-|-|-|-|FRONT|20|400|NSGAII/results/AGRICULTURAL_NSGAII_131225_0823173960350630701278463_4_Front
58.3993178219028,54.01687569552377,outputExpAgricultural_Both/exp12/agricultural|Random|25|-|-|-|-|-|FRONT|20|400|NSGAII/results/AGRICULTURAL_NSGAII_131225_0823173960350630701278463_4_Front
48.81227920574978,55.50281965919923,outputExpAgricultural_Both/exp12/agricultural|Random|25|-|-|-|-|-|FRONT|20|400|NSGAII/results/AGRICULTURAL_NSGAII_131225_0823173960350630701278463_4_Front
2.3267145815568284,97.53194126844751,outputExpAgricultural_Both/exp12/agricultural|Random|25|-|-|-|-|-|FRONT|20|400|NSGAII/results/AGRICULTURAL_NSGAII_131225_0823173960350630701278463_4_Front
24.339139968327444,84.1091426451737,outputExpAgricultural_Both/exp12/agricultural|Random|25|-|-|-|-|-|FRONT|20|400|NSGAII/results/AGRICULTURAL_NSGAII_131225_0823173960350630701278463_4_Front
48.069192349859904,55.7775075245693,outputExpAgricultural_Both/exp12/agricultural|Random|25|-|-|-|-|-|FRONT|20|400|NSGAII/results/AGRICULTURAL_NSGAII_131225_0823173960350630701278463_4_Front
0.036545255207694846,99.97492592818674,outputExpAgricultural_Both/exp12/agricultural|Random|25|-|-|-|-|-|FRONT|20|400|NSGAII/results/AGRICULTURAL_NSGAII_131225_08240516586378235293884989_5_Front
75.95322207333413,24.590808990979905,outputExpAgricultural_Both/exp12/agricultural|Random|25|-|-|-|-|-|FRONT|20|400|NSGAII/results/AGRICULTURAL_NSGAII_131225_08240516586378235293884989_5_Front
64.5511024485321,37.05309223408101,outputExpAgricultural_Both/exp12/agricultural|Random|25|-|-|-|-|-|FRONT|20|400|NSGAII/results/AGRICULTURAL_NSGAII_131225_08240516586378235293884989_5_Front
59.763674016323556,45.08026989843593,outputExpAgricultural_Both/exp12/agricultural|Random|25|-|-|-|-|-|FRONT|20|400|NSGAII/results/AGRICULTURAL_NSGAII_131225_08240516586378235293884989_5_Front
30.454379339749053,67.46944390967698,outputExpAgricultural_Both/exp12/agricultural|Random|25|-|-|-|-|-|FRONT|20|400|NSGAII/results/AGRICULTURAL_NSGAII_131225_08240516586378235293884989_5_Front
50.84663174564502,47.86443097352197,outputExpAgricultural_Both/exp12/agricultural|Random|25|-|-|-|-|-|FRONT|20|400|NSGAII/results/AGRICULTURAL_NSGAII_131225_08240516586378235293884989_5_Front
45.486660981849184,61.10457390512235,outputExpAgricultural_Both/exp12/agricultural|Random|25|-|-|-|-|-|FRONT|20|400|NSGAII/results/AGRICULTURAL_NSGAII_131225_08240516586378235293884989_5_Front
26.178584480448286,81.85951946057877,outputExpAgricultural_Both/exp12/agricultural|Random|25|-|-|-|-|-|FRONT|20|400|NSGAII/results/AGRICULTURAL_NSGAII_131225_08240516586378235293884989_5_Front
72.89560238762334,30.57966182871687,outputExpAgricultural_Both/exp12/agricultural|Random|25|-|-|-|-|-|FRONT|20|400|NSGAII/results/AGRICULTURAL_NSGAII_131225_08240516586378235293884989_5_Front
19.5151662809112,89.9445459198287,outputExpAgricultural_Both/exp12/agricultural|Random|25|-|-|-|-|-|FRONT|20|400|NSGAII/results/AGRICULTURAL_NSGAII_131225_08240516586378235293884989_5_Front
34.98599098550372,61.631129413200995,outputExpAgricultural_Both/exp12/agricultural|Random|25|-|-|-|-|-|FRONT|20|400|NSGAII/results/AGRICULTURAL_NSGAII_131225_08240516586378235293884989_5_Front
10.732123279327563,91.17345716982284,outputExpAgricultural_Both/exp12/agricultural|Random|25|-|-|-|-|-|FRONT|20|400|NSGAII/results/AGRICULTURAL_NSGAII_131225_08240516586378235293884989_5_Front
23.48641734681447,84.5119242706685,outputExpAgricultural_Both/exp12/agricultural|Random|25|-|-|-|-|-|FRONT|20|400|NSGAII/results/AGRICULTURAL_NSGAII_131225_08240516586378235293884989_5_Front
7.30905104153978,92.88403476562316,outputExpAgricultural_Both/exp12/agricultural|Random|25|-|-|-|-|-|FRONT|20|400|NSGAII/results/AGRICULTURAL_NSGAII_131225_08240516586378235293884989_5_Front
4.763064928736756,94.53760875996038,outputExpAgricultural_Both/exp12/agricultural|Random|25|-|-|-|-|-|FRONT|20|400|NSGAII/results/AGRICULTURAL_NSGAII_131225_08240516586378235293884989_5_Front
48.069192349859904,55.7775075245693,outputExpAgricultural_Both/exp12/agricultural|Random|25|-|-|-|-|-|FRONT|20|400|NSGAII/results/AGRICULTURAL_NSGAII_131225_08240516586378235293884989_5_Front
48.95846022658059,55.34486239781376,outputExpAgricultural_Both/exp12/agricultural|Random|25|-|-|-|-|-|FRONT|20|400|NSGAII/results/AGRICULTURAL_NSGAII_131225_08240516586378235293884989_5_Front
75.27104397612378,24.857702294700164,outputExpAgricultural_Both/exp12/agricultural|Random|25|-|-|-|-|-|FRONT|20|400|NSGAII/results/AGRICULTURAL_NSGAII_131225_08240516586378235293884989_5_Front
0.036545255207694846,99.97492592818674,outputExpAgricultural_Both/exp12/agricultural|Random|25|-|-|-|-|-|FRONT|20|400|NSGAII/results/AGRICULTURAL_NSGAII_131225_0855525004769719190058633_6_Front
75.95322207333413,24.590808990979905,outputExpAgricultural_Both/exp12/agricultural|Random|25|-|-|-|-|-|FRONT|20|400|NSGAII/results/AGRICULTURAL_NSGAII_131225_0855525004769719190058633_6_Front
59.763674016323556,45.08026989843593,outputExpAgricultural_Both/exp12/agricultural|Random|25|-|-|-|-|-|FRONT|20|400|NSGAII/results/AGRICULTURAL_NSGAII_131225_0855525004769719190058633_6_Front
34.98599098550372,61.631129413200995,outputExpAgricultural_Both/exp12/agricultural|Random|25|-|-|-|-|-|FRONT|20|400|NSGAII/results/AGRICULTURAL_NSGAII_131225_0855525004769719190058633_6_Front
72.89560238762334,30.57966182871687,outputExpAgricultural_Both/exp12/agricultural|Random|25|-|-|-|-|-|FRONT|20|400|NSGAII/results/AGRICULTURAL_NSGAII_131225_0855525004769719190058633_6_Front
26.178584480448286,81.85951946057877,outputExpAgricultural_Both/exp12/agricultural|Random|25|-|-|-|-|-|FRONT|20|400|NSGAII/results/AGRICULTURAL_NSGAII_131225_0855525004769719190058633_6_Front
19.5151662809112,89.9445459198287,outputExpAgricultural_Both/exp12/agricultural|Random|25|-|-|-|-|-|FRONT|20|400|NSGAII/results/AGRICULTURAL_NSGAII_131225_0855525004769719190058633_6_Front
45.486660981849184,61.10457390512235,outputExpAgricultural_Both/exp12/agricultural|Random|25|-|-|-|-|-|FRONT|20|400|NSGAII/results/AGRICULTURAL_NSGAII_131225_0855525004769719190058633_6_Front
50.84663174564502,47.86443097352197,outputExpAgricultural_Both/exp12/agricultural|Random|25|-|-|-|-|-|FRONT|20|400|NSGAII/results/AGRICULTURAL_NSGAII_131225_0855525004769719190058633_6_Front
30.454379339749053,67.46944390967698,outputExpAgricultural_Both/exp12/agricultural|Random|25|-|-|-|-|-|FRONT|20|400|NSGAII/results/AGRICULTURAL_NSGAII_131225_0855525004769719190058633_6_Front
64.5511024485321,37.05309223408101,outputExpAgricultural_Both/exp12/agricultural|Random|25|-|-|-|-|-|FRONT|20|400|NSGAII/results/AGRICULTURAL_NSGAII_131225_0855525004769719190058633_6_Front
10.732123279327563,91.17345716982284,outputExpAgricultural_Both/exp12/agricultural|Random|25|-|-|-|-|-|FRONT|20|400|NSGAII/results/AGRICULTURAL_NSGAII_131225_0855525004769719190058633_6_Front
48.95846022658059,55.34486239781376,outputExpAgricultural_Both/exp12/agricultural|Random|25|-|-|-|-|-|FRONT|20|400|NSGAII/results/AGRICULTURAL_NSGAII_131225_0855525004769719190058633_6_Front
48.069192349859904,55.7775075245693,outputExpAgricultural_Both/exp12/agricultural|Random|25|-|-|-|-|-|FRONT|20|400|NSGAII/results/AGRICULTURAL_NSGAII_131225_0855525004769719190058633_6_Front
23.48641734681447,84.5119242706685,outputExpAgricultural_Both/exp12/agricultural|Random|25|-|-|-|-|-|FRONT|20|400|NSGAII/results/AGRICULTURAL_NSGAII_131225_0855525004769719190058633_6_Front
0.036545255207694846,99.97492592818674,outputExpAgricultural_Both/exp12/agricultural|Random|25|-|-|-|-|-|FRONT|20|400|NSGAII/results/AGRICULTURAL_NSGAII_131225_0856054684420379305502859_7_Front
75.95322207333413,24.590808990979905,outputExpAgricultural_Both/exp12/agricultural|Random|25|-|-|-|-|-|FRONT|20|400|NSGAII/results/AGRICULTURAL_NSGAII_131225_0856054684420379305502859_7_Front
59.763674016323556,45.08026989843593,outputExpAgricultural_Both/exp12/agricultural|Random|25|-|-|-|-|-|FRONT|20|400|NSGAII/results/AGRICULTURAL_NSGAII_131225_0856054684420379305502859_7_Front
19.5151662809112,89.9445459198287,outputExpAgricultural_Both/exp12/agricultural|Random|25|-|-|-|-|-|FRONT|20|400|NSGAII/results/AGRICULTURAL_NSGAII_131225_0856054684420379305502859_7_Front
45.486660981849184,61.10457390512235,outputExpAgricultural_Both/exp12/agricultural|Random|25|-|-|-|-|-|FRONT|20|400|NSGAII/results/AGRICULTURAL_NSGAII_131225_0856054684420379305502859_7_Front
10.732123279327563,91.17345716982284,outputExpAgricultural_Both/exp12/agricultural|Random|25|-|-|-|-|-|FRONT|20|400|NSGAII/results/AGRICULTURAL_NSGAII_131225_0856054684420379305502859_7_Front
27.189669874527954,75.6478172879621,outputExpAgricultural_Both/exp12/agricultural|Random|25|-|-|-|-|-|FRONT|20|400|NSGAII/results/AGRICULTURAL_NSGAII_131225_0856054684420379305502859_7_Front
65.0140090144963,36.30885246209542,outputExpAgricultural_Both/exp12/agricultural|Random|25|-|-|-|-|-|FRONT|20|400|NSGAII/results/AGRICULTURAL_NSGAII_131225_0856054684420379305502859_7_Front
23.48641734681447,84.5119242706685,outputExpAgricultural_Both/exp12/agricultural|Random|25|-|-|-|-|-|FRONT|20|400|NSGAII/results/AGRICULTURAL_NSGAII_131225_0856054684420379305502859_7_Front
7.028870751614079,93.7049054087684,outputExpAgricultural_Both/exp12/agricultural|Random|25|-|-|-|-|-|FRONT|20|400|NSGAII/results/AGRICULTURAL_NSGAII_131225_0856054684420379305502859_7_Front
72.89560238762334,30.57966182871687,outputExpAgricultural_Both/exp12/agricultural|Random|25|-|-|-|-|-|FRONT|20|400|NSGAII/results/AGRICULTURAL_NSGAII_131225_0856054684420379305502859_7_Front
51.553173346327206,47.58955528738925,outputExpAgricultural_Both/exp12/agricultural|Random|25|-|-|-|-|-|FRONT|20|400|NSGAII/results/AGRICULTURAL_NSGAII_131225_0856054684420379305502859_7_Front
35.7047143379218,61.35230949105267,outputExpAgricultural_Both/exp12/agricultural|Random|25|-|-|-|-|-|FRONT|20|400|NSGAII/results/AGRICULTURAL_NSGAII_131225_0856054684420379305502859_7_Front
26.178584480448286,81.85951946057877,outputExpAgricultural_Both/exp12/agricultural|Random|25|-|-|-|-|-|FRONT|20|400|NSGAII/results/AGRICULTURAL_NSGAII_131225_0856054684420379305502859_7_Front
30.454379339749053,67.46944390967698,outputExpAgricultural_Both/exp12/agricultural|Random|25|-|-|-|-|-|FRONT|20|400|NSGAII/results/AGRICULTURAL_NSGAII_131225_0856054684420379305502859_7_Front
34.20635887440614,61.842333860796636,outputExpAgricultural_Both/exp12/agricultural|Random|25|-|-|-|-|-|FRONT|20|400|NSGAII/results/AGRICULTURAL_NSGAII_131225_0856054684420379305502859_7_Front
48.5077354123523,55.16859261207029,outputExpAgricultural_Both/exp12/agricultural|Random|25|-|-|-|-|-|FRONT|20|400|NSGAII/results/AGRICULTURAL_NSGAII_131225_0856054684420379305502859_7_Front
0.0,99.99342627330738,outputExpAgricultural_Both/exp12/agricultural|Random|25|-|-|-|-|-|FRONT|20|400|NSGAII/results/AGRICULTURAL_NSGAII_131225_0857367669802757399981206_8_Front
75.95322207333413,24.590808990979905,outputExpAgricultural_Both/exp12/agricultural|Random|25|-|-|-|-|-|FRONT|20|400|NSGAII/results/AGRICULTURAL_NSGAII_131225_0857367669802757399981206_8_Front
65.0140090144963,36.30885246209542,outputExpAgricultural_Both/exp12/agricultural|Random|25|-|-|-|-|-|FRONT|20|400|NSGAII/results/AGRICULTURAL_NSGAII_131225_0857367669802757399981206_8_Front
53.78243391399684,42.632777540393214,outputExpAgricultural_Both/exp12/agricultural|Random|25|-|-|-|-|-|FRONT|20|400|NSGAII/results/AGRICULTURAL_NSGAII_131225_0857367669802757399981206_8_Front
44.15885004263614,55.29649855143236,outputExpAgricultural_Both/exp12/agricultural|Random|25|-|-|-|-|-|FRONT|20|400|NSGAII/results/AGRICULTURAL_NSGAII_131225_0857367669802757399981206_8_Front
10.732123279327563,91.17345716982284,outputExpAgricultural_Both/exp12/agricultural|Random|25|-|-|-|-|-|FRONT|20|400|NSGAII/results/AGRICULTURAL_NSGAII_131225_0857367669802757399981206_8_Front
27.189669874527954,75.6478172879621,outputExpAgricultural_Both/exp12/agricultural|Random|25|-|-|-|-|-|FRONT|20|400|NSGAII/results/AGRICULTURAL_NSGAII_131225_0857367669802757399981206_8_Front
19.5151662809112,89.9445459198287,outputExpAgricultural_Both/exp12/agricultural|Random|25|-|-|-|-|-|FRONT|20|400|NSGAII/results/AGRICULTURAL_NSGAII_131225_0857367669802757399981206_8_Front
23.48641734681447,84.5119242706685,outputExpAgricultural_Both/exp12/agricultural|Random|25|-|-|-|-|-|FRONT|20|400|NSGAII/results/AGRICULTURAL_NSGAII_131225_0857367669802757399981206_8_Front
48.288463881106104,49.39235287764885,outputExpAgricultural_Both/exp12/agricultural|Random|25|-|-|-|-|-|FRONT|20|400|NSGAII/results/AGRICULTURAL_NSGAII_131225_0857367669802757399981206_8_Front
4.763064928736756,94.5422103686452,outputExpAgricultural_Both/exp12/agricultural|Random|25|-|-|-|-|-|FRONT|20|400|NSGAII/results/AGRICULTURAL_NSGAII_131225_0857367669802757399981206_8_Front
26.178584480448286,81.85951946057877,outputExpAgricultural_Both/exp12/agricultural|Random|25|-|-|-|-|-|FRONT|20|400|NSGAII/results/AGRICULTURAL_NSGAII_131225_0857367669802757399981206_8_Front
35.7047143379218,61.35230949105267,outputExpAgricultural_Both/exp12/agricultural|Random|25|-|-|-|-|-|FRONT|20|400|NSGAII/results/AGRICULTURAL_NSGAII_131225_0857367669802757399981206_8_Front
30.454379339749053,67.46944390967698,outputExpAgricultural_Both/exp12/agricultural|Random|25|-|-|-|-|-|FRONT|20|400|NSGAII/results/AGRICULTURAL_NSGAII_131225_0857367669802757399981206_8_Front
0.036545255207694846,99.97492592818674,outputExpAgricultural_Both/exp12/agricultural|Random|25|-|-|-|-|-|FRONT|20|400|NSGAII/results/AGRICULTURAL_NSGAII_131225_0857367669802757399981206_8_Front
72.89560238762334,30.57966182871687,outputExpAgricultural_Both/exp12/agricultural|Random|25|-|-|-|-|-|FRONT|20|400|NSGAII/results/AGRICULTURAL_NSGAII_131225_0857367669802757399981206_8_Front
34.20635887440614,61.842333860796636,outputExpAgricultural_Both/exp12/agricultural|Random|25|-|-|-|-|-|FRONT|20|400|NSGAII/results/AGRICULTURAL_NSGAII_131225_0857367669802757399981206_8_Front
0.0,99.99342627330738,outputExpAgricultural_Both/exp12/agricultural|Random|25|-|-|-|-|-|FRONT|20|400|NSGAII/results/AGRICULTURAL_NSGAII_131225_0858556848423118421628129_9_Front
75.95322207333413,24.590808990979905,outputExpAgricultural_Both/exp12/agricultural|Random|25|-|-|-|-|-|FRONT|20|400|NSGAII/results/AGRICULTURAL_NSGAII_131225_0858556848423118421628129_9_Front
65.0140090144963,36.30885246209542,outputExpAgricultural_Both/exp12/agricultural|Random|25|-|-|-|-|-|FRONT|20|400|NSGAII/results/AGRICULTURAL_NSGAII_131225_0858556848423118421628129_9_Front
18.296991107321233,83.73772708704084,outputExpAgricultural_Both/exp12/agricultural|Random|25|-|-|-|-|-|FRONT|20|400|NSGAII/results/AGRICULTURAL_NSGAII_131225_0858556848423118421628129_9_Front
44.15885004263614,55.29640464105103,outputExpAgricultural_Both/exp12/agricultural|Random|25|-|-|-|-|-|FRONT|20|400|NSGAII/results/AGRICULTURAL_NSGAII_131225_0858556848423118421628129_9_Front
53.78243391399684,42.632777540393214,outputExpAgricultural_Both/exp12/agricultural|Random|25|-|-|-|-|-|FRONT|20|400|NSGAII/results/AGRICULTURAL_NSGAII_131225_0858556848423118421628129_9_Front
35.7047143379218,61.35230949105267,outputExpAgricultural_Both/exp12/agricultural|Random|25|-|-|-|-|-|FRONT|20|400|NSGAII/results/AGRICULTURAL_NSGAII_131225_0858556848423118421628129_9_Front
27.189669874527954,75.6478172879621,outputExpAgricultural_Both/exp12/agricultural|Random|25|-|-|-|-|-|FRONT|20|400|NSGAII/results/AGRICULTURAL_NSGAII_131225_0858556848423118421628129_9_Front
10.732123279327563,91.17345716982284,outputExpAgricultural_Both/exp12/agricultural|Random|25|-|-|-|-|-|FRONT|20|400|NSGAII/results/AGRICULTURAL_NSGAII_131225_0858556848423118421628129_9_Front
26.178584480448286,81.85951946057877,outputExpAgricultural_Both/exp12/agricultural|Random|25|-|-|-|-|-|FRONT|20|400|NSGAII/results/AGRICULTURAL_NSGAII_131225_0858556848423118421628129_9_Front
72.89560238762334,30.57966182871687,outputExpAgricultural_Both/exp12/agricultural|Random|25|-|-|-|-|-|FRONT|20|400|NSGAII/results/AGRICULTURAL_NSGAII_131225_0858556848423118421628129_9_Front
48.288463881106104,49.39235287764885,outputExpAgricultural_Both/exp12/agricultural|Random|25|-|-|-|-|-|FRONT|20|400|NSGAII/results/AGRICULTURAL_NSGAII_131225_0858556848423118421628129_9_Front
34.20635887440614,61.842333860796636,outputExpAgricultural_Both/exp12/agricultural|Random|25|-|-|-|-|-|FRONT|20|400|NSGAII/results/AGRICULTURAL_NSGAII_131225_0858556848423118421628129_9_Front
4.726519673529047,94.56080462414718,outputExpAgricultural_Both/exp12/agricultural|Random|25|-|-|-|-|-|FRONT|20|400|NSGAII/results/AGRICULTURAL_NSGAII_131225_0858556848423118421628129_9_Front
0.0,99.99342627330738,outputExpAgricultural_Both/exp12/agricultural|Random|25|-|-|-|-|-|FRONT|20|400|NSGAII/results/AGRICULTURAL_NSGAII_131225_0859512170468237315739210_10_Front
75.95322207333413,24.590808990979905,outputExpAgricultural_Both/exp12/agricultural|Random|25|-|-|-|-|-|FRONT|20|400|NSGAII/results/AGRICULTURAL_NSGAII_131225_0859512170468237315739210_10_Front
65.0140090144963,36.30885246209542,outputExpAgricultural_Both/exp12/agricultural|Random|25|-|-|-|-|-|FRONT|20|400|NSGAII/results/AGRICULTURAL_NSGAII_131225_0859512170468237315739210_10_Front
18.296991107321233,83.73772708704084,outputExpAgricultural_Both/exp12/agricultural|Random|25|-|-|-|-|-|FRONT|20|400|NSGAII/results/AGRICULTURAL_NSGAII_131225_0859512170468237315739210_10_Front
10.732123279327563,91.17345716982284,outputExpAgricultural_Both/exp12/agricultural|Random|25|-|-|-|-|-|FRONT|20|400|NSGAII/results/AGRICULTURAL_NSGAII_131225_0859512170468237315739210_10_Front
53.78243391399684,42.632777540393214,outputExpAgricultural_Both/exp12/agricultural|Random|25|-|-|-|-|-|FRONT|20|400|NSGAII/results/AGRICULTURAL_NSGAII_131225_0859512170468237315739210_10_Front
31.002558167864535,66.9190351647423,outputExpAgricultural_Both/exp12/agricultural|Random|25|-|-|-|-|-|FRONT|20|400|NSGAII/results/AGRICULTURAL_NSGAII_131225_0859512170468237315739210_10_Front
23.449872091606775,81.03066643502106,outputExpAgricultural_Both/exp12/agricultural|Random|25|-|-|-|-|-|FRONT|20|400|NSGAII/results/AGRICULTURAL_NSGAII_131225_0859512170468237315739210_10_Front
36.36252893166037,61.02747348205606,outputExpAgricultural_Both/exp12/agricultural|Random|25|-|-|-|-|-|FRONT|20|400|NSGAII/results/AGRICULTURAL_NSGAII_131225_0859512170468237315739210_10_Front
44.15885004263614,55.29640464105103,outputExpAgricultural_Both/exp12/agricultural|Random|25|-|-|-|-|-|FRONT|20|400|NSGAII/results/AGRICULTURAL_NSGAII_131225_0859512170468237315739210_10_Front
72.89560238762334,30.57966182871687,outputExpAgricultural_Both/exp12/agricultural|Random|25|-|-|-|-|-|FRONT|20|400|NSGAII/results/AGRICULTURAL_NSGAII_131225_0859512170468237315739210_10_Front
48.61737117797539,49.241157163718675,outputExpAgricultural_Both/exp12/agricultural|Random|25|-|-|-|-|-|FRONT|20|400|NSGAII/results/AGRICULTURAL_NSGAII_131225_0859512170468237315739210_10_Front
27.274942136679254,75.59804478586084,outputExpAgricultural_Both/exp12/agricultural|Random|25|-|-|-|-|-|FRONT|20|400|NSGAII/results/AGRICULTURAL_NSGAII_131225_0859512170468237315739210_10_Front
5.701059812401018,93.46411919105599,outputExpAgricultural_Both/exp12/agricultural|Random|25|-|-|-|-|-|FRONT|20|400|NSGAII/results/AGRICULTURAL_NSGAII_131225_0859512170468237315739210_10_Front
1.2547204287976583,99.3874225826294,outputExpAgricultural_Both/exp12/agricultural|Random|25|-|-|-|-|-|FRONT|20|400|NSGAII/results/AGRICULTURAL_NSGAII_131225_0859512170468237315739210_10_Front
0.0,99.99342627330738,outputExpAgricultural_Both/exp12/agricultural|Random|25|-|-|-|-|-|FRONT|20|400|NSGAII/results/AGRICULTURAL_NSGAII_131225_0902367691322074714302448_11_Front
75.95322207333413,24.590808990979905,outputExpAgricultural_Both/exp12/agricultural|Random|25|-|-|-|-|-|FRONT|20|400|NSGAII/results/AGRICULTURAL_NSGAII_131225_0902367691322074714302448_11_Front
65.0140090144963,36.30885246209542,outputExpAgricultural_Both/exp12/agricultural|Random|25|-|-|-|-|-|FRONT|20|400|NSGAII/results/AGRICULTURAL_NSGAII_131225_0902367691322074714302448_11_Front
44.15885004263614,55.28936136245181,outputExpAgricultural_Both/exp12/agricultural|Random|25|-|-|-|-|-|FRONT|20|400|NSGAII/results/AGRICULTURAL_NSGAII_131225_0902367691322074714302448_11_Front
10.732123279327563,91.17345716982284,outputExpAgricultural_Both/exp12/agricultural|Random|25|-|-|-|-|-|FRONT|20|400|NSGAII/results/AGRICULTURAL_NSGAII_131225_0902367691322074714302448_11_Front
72.89560238762334,30.57966182871687,outputExpAgricultural_Both/exp12/agricultural|Random|25|-|-|-|-|-|FRONT|20|400|NSGAII/results/AGRICULTURAL_NSGAII_131225_0902367691322074714302448_11_Front
53.78243391399684,42.632777540393214,outputExpAgricultural_Both/exp12/agricultural|Random|25|-|-|-|-|-|FRONT|20|400|NSGAII/results/AGRICULTURAL_NSGAII_131225_0902367691322074714302448_11_Front
36.36252893166037,61.02747348205606,outputExpAgricultural_Both/exp12/agricultural|Random|25|-|-|-|-|-|FRONT|20|400|NSGAII/results/AGRICULTURAL_NSGAII_131225_0902367691322074714302448_11_Front
18.272627603849436,83.76035948893971,outputExpAgricultural_Both/exp12/agricultural|Random|25|-|-|-|-|-|FRONT|20|400|NSGAII/results/AGRICULTURAL_NSGAII_131225_0902367691322074714302448_11_Front
27.274942136679254,75.59804478586084,outputExpAgricultural_Both/exp12/agricultural|Random|25|-|-|-|-|-|FRONT|20|400|NSGAII/results/AGRICULTURAL_NSGAII_131225_0902367691322074714302448_11_Front
30.64928736752346,67.2958975249919,outputExpAgricultural_Both/exp12/agricultural|Random|25|-|-|-|-|-|FRONT|20|400|NSGAII/results/AGRICULTURAL_NSGAII_131225_0902367691322074714302448_11_Front
48.61737117797539,49.241157163718675,outputExpAgricultural_Both/exp12/agricultural|Random|25|-|-|-|-|-|FRONT|20|400|NSGAII/results/AGRICULTURAL_NSGAII_131225_0902367691322074714302448_11_Front
4.763064928736756,94.54202254788255,outputExpAgricultural_Both/exp12/agricultural|Random|25|-|-|-|-|-|FRONT|20|400|NSGAII/results/AGRICULTURAL_NSGAII_131225_0902367691322074714302448_11_Front
23.55950785722987,80.79654785438257,outputExpAgricultural_Both/exp12/agricultural|Random|25|-|-|-|-|-|FRONT|20|400|NSGAII/results/AGRICULTURAL_NSGAII_131225_0902367691322074714302448_11_Front
18.296991107321233,83.73772708704084,outputExpAgricultural_Both/exp12/agricultural|Random|25|-|-|-|-|-|FRONT|20|400|NSGAII/results/AGRICULTURAL_NSGAII_131225_0902367691322074714302448_11_Front
0.0,99.99342627330738,outputExpAgricultural_Both/exp12/agricultural|Random|25|-|-|-|-|-|FRONT|20|400|NSGAII/results/AGRICULTURAL_NSGAII_131225_09032218128958391846531052_12_Front
83.29881837008162,8.678164427686667,outputExpAgricultural_Both/exp12/agricultural|Random|25|-|-|-|-|-|FRONT|20|400|NSGAII/results/AGRICULTURAL_NSGAII_131225_09032218128958391846531052_12_Front
65.0140090144963,36.30885246209542,outputExpAgricultural_Both/exp12/agricultural|Random|25|-|-|-|-|-|FRONT|20|400|NSGAII/results/AGRICULTURAL_NSGAII_131225_09032218128958391846531052_12_Front
78.96211475210136,14.757828604163056,outputExpAgricultural_Both/exp12/agricultural|Random|25|-|-|-|-|-|FRONT|20|400|NSGAII/results/AGRICULTURAL_NSGAII_131225_09032218128958391846531052_12_Front
36.36252893166037,61.02747348205606,outputExpAgricultural_Both/exp12/agricultural|Random|25|-|-|-|-|-|FRONT|20|400|NSGAII/results/AGRICULTURAL_NSGAII_131225_09032218128958391846531052_12_Front
10.732123279327563,91.17345716982284,outputExpAgricultural_Both/exp12/agricultural|Random|25|-|-|-|-|-|FRONT|20|400|NSGAII/results/AGRICULTURAL_NSGAII_131225_09032218128958391846531052_12_Front
18.272627603849436,83.76035948893971,outputExpAgricultural_Both/exp12/agricultural|Random|25|-|-|-|-|-|FRONT|20|400|NSGAII/results/AGRICULTURAL_NSGAII_131225_09032218128958391846531052_12_Front
72.89560238762334,30.57966182871687,outputExpAgricultural_Both/exp12/agricultural|Random|25|-|-|-|-|-|FRONT|20|400|NSGAII/results/AGRICULTURAL_NSGAII_131225_09032218128958391846531052_12_Front
40.83323181873554,58.54542210368644,outputExpAgricultural_Both/exp12/agricultural|Random|25|-|-|-|-|-|FRONT|20|400|NSGAII/results/AGRICULTURAL_NSGAII_131225_09032218128958391846531052_12_Front
53.78243391399684,42.632777540393214,outputExpAgricultural_Both/exp12/agricultural|Random|25|-|-|-|-|-|FRONT|20|400|NSGAII/results/AGRICULTURAL_NSGAII_131225_09032218128958391846531052_12_Front
30.64928736752346,67.2958975249919,outputExpAgricultural_Both/exp12/agricultural|Random|25|-|-|-|-|-|FRONT|20|400|NSGAII/results/AGRICULTURAL_NSGAII_131225_09032218128958391846531052_12_Front
48.61737117797539,49.241157163718675,outputExpAgricultural_Both/exp12/agricultural|Random|25|-|-|-|-|-|FRONT|20|400|NSGAII/results/AGRICULTURAL_NSGAII_131225_09032218128958391846531052_12_Front
53.62407114143014,42.747629936751366,outputExpAgricultural_Both/exp12/agricultural|Random|25|-|-|-|-|-|FRONT|20|400|NSGAII/results/AGRICULTURAL_NSGAII_131225_09032218128958391846531052_12_Front
28.13984650992813,75.37294160182935,outputExpAgricultural_Both/exp12/agricultural|Random|25|-|-|-|-|-|FRONT|20|400|NSGAII/results/AGRICULTURAL_NSGAII_131225_09032218128958391846531052_12_Front
0.10963576562309807,99.94168165319833,outputExpAgricultural_Both/exp12/agricultural|Random|25|-|-|-|-|-|FRONT|20|400|NSGAII/results/AGRICULTURAL_NSGAII_131225_09032218128958391846531052_12_Front
4.653429163113657,94.59188896036511,outputExpAgricultural_Both/exp12/agricultural|Random|25|-|-|-|-|-|FRONT|20|400|NSGAII/results/AGRICULTURAL_NSGAII_131225_09032218128958391846531052_12_Front
27.274942136679254,75.59804478586084,outputExpAgricultural_Both/exp12/agricultural|Random|25|-|-|-|-|-|FRONT|20|400|NSGAII/results/AGRICULTURAL_NSGAII_131225_09032218128958391846531052_12_Front
0.0,99.99342627330738,outputExpAgricultural_Both/exp12/agricultural|Random|25|-|-|-|-|-|FRONT|20|400|NSGAII/results/AGRICULTURAL_NSGAII_131225_09062311953708426864187065_13_Front
83.29881837008162,8.678164427686667,outputExpAgricultural_Both/exp12/agricultural|Random|25|-|-|-|-|-|FRONT|20|400|NSGAII/results/AGRICULTURAL_NSGAII_131225_09062311953708426864187065_13_Front
72.89560238762334,30.57966182871687,outputExpAgricultural_Both/exp12/agricultural|Random|25|-|-|-|-|-|FRONT|20|400|NSGAII/results/AGRICULTURAL_NSGAII_131225_09062311953708426864187065_13_Front
65.0140090144963,36.30885246209542,outputExpAgricultural_Both/exp12/agricultural|Random|25|-|-|-|-|-|FRONT|20|400|NSGAII/results/AGRICULTURAL_NSGAII_131225_09062311953708426864187065_13_Front
18.272627603849436,83.7535040311031,outputExpAgricultural_Both/exp12/agricultural|Random|25|-|-|-|-|-|FRONT|20|400|NSGAII/results/AGRICULTURAL_NSGAII_131225_09062311953708426864187065_13_Front
78.96211475210136,14.757828604163056,outputExpAgricultural_Both/exp12/agricultural|Random|25|-|-|-|-|-|FRONT|20|400|NSGAII/results/AGRICULTURAL_NSGAII_131225_09062311953708426864187065_13_Front
10.732123279327563,91.17345716982284,outputExpAgricultural_Both/exp12/agricultural|Random|25|-|-|-|-|-|FRONT|20|400|NSGAII/results/AGRICULTURAL_NSGAII_131225_09062311953708426864187065_13_Front
40.83323181873554,58.54542210368644,outputExpAgricultural_Both/exp12/agricultural|Random|25|-|-|-|-|-|FRONT|20|400|NSGAII/results/AGRICULTURAL_NSGAII_131225_09062311953708426864187065_13_Front
48.61737117797539,49.241157163718675,outputExpAgricultural_Both/exp12/agricultural|Random|25|-|-|-|-|-|FRONT|20|400|NSGAII/results/AGRICULTURAL_NSGAII_131225_09062311953708426864187065_13_Front
30.64928736752346,67.2958975249919,outputExpAgricultural_Both/exp12/agricultural|Random|25|-|-|-|-|-|FRONT|20|400|NSGAII/results/AGRICULTURAL_NSGAII_131225_09062311953708426864187065_13_Front
36.36252893166037,61.02747348205606,outputExpAgricultural_Both/exp12/agricultural|Random|25|-|-|-|-|-|FRONT|20|400|NSGAII/results/AGRICULTURAL_NSGAII_131225_09062311953708426864187065_13_Front
53.78243391399684,42.632777540393214,outputExpAgricultural_Both/exp12/agricultural|Random|25|-|-|-|-|-|FRONT|20|400|NSGAII/results/AGRICULTURAL_NSGAII_131225_09062311953708426864187065_13_Front
27.274942136679254,75.59804478586084,outputExpAgricultural_Both/exp12/agricultural|Random|25|-|-|-|-|-|FRONT|20|400|NSGAII/results/AGRICULTURAL_NSGAII_131225_09062311953708426864187065_13_Front
50.03045437933975,45.11482891876283,outputExpAgricultural_Both/exp12/agricultural|Random|25|-|-|-|-|-|FRONT|20|400|NSGAII/results/AGRICULTURAL_NSGAII_131225_09062311953708426864187065_13_Front
28.13984650992813,75.37294160182935,outputExpAgricultural_Both/exp12/agricultural|Random|25|-|-|-|-|-|FRONT|20|400|NSGAII/results/AGRICULTURAL_NSGAII_131225_09062311953708426864187065_13_Front
1.5227189669874475,99.1415652043255,outputExpAgricultural_Both/exp12/agricultural|Random|25|-|-|-|-|-|FRONT|20|400|NSGAII/results/AGRICULTURAL_NSGAII_131225_09062311953708426864187065_13_Front
4.629065659641861,94.61057712624842,outputExpAgricultural_Both/exp12/agricultural|Random|25|-|-|-|-|-|FRONT|20|400|NSGAII/results/AGRICULTURAL_NSGAII_131225_09062311953708426864187065_13_Front
0.0,99.99342627330738,outputExpAgricultural_Both/exp12/agricultural|Random|25|-|-|-|-|-|FRONT|20|400|NSGAII/results/AGRICULTURAL_NSGAII_131225_09064517286767162090022965_14_Front
83.29881837008162,8.678164427686667,outputExpAgricultural_Both/exp12/agricultural|Random|25|-|-|-|-|-|FRONT|20|400|NSGAII/results/AGRICULTURAL_NSGAII_131225_09064517286767162090022965_14_Front
70.44707028870752,28.795270673196573,outputExpAgricultural_Both/exp12/agricultural|Random|25|-|-|-|-|-|FRONT|20|400|NSGAII/results/AGRICULTURAL_NSGAII_131225_09064517286767162090022965_14_Front
18.272627603849436,83.7535040311031,outputExpAgricultural_Both/exp12/agricultural|Random|25|-|-|-|-|-|FRONT|20|400|NSGAII/results/AGRICULTURAL_NSGAII_131225_09064517286767162090022965_14_Front
78.96211475210136,14.757828604163056,outputExpAgricultural_Both/exp12/agricultural|Random|25|-|-|-|-|-|FRONT|20|400|NSGAII/results/AGRICULTURAL_NSGAII_131225_09064517286767162090022965_14_Front
10.732123279327563,91.17345716982284,outputExpAgricultural_Both/exp12/agricultural|Random|25|-|-|-|-|-|FRONT|20|400|NSGAII/results/AGRICULTURAL_NSGAII_131225_09064517286767162090022965_14_Front
53.78243391399684,42.632777540393214,outputExpAgricultural_Both/exp12/agricultural|Random|25|-|-|-|-|-|FRONT|20|400|NSGAII/results/AGRICULTURAL_NSGAII_131225_09064517286767162090022965_14_Front
48.61737117797539,49.241157163718675,outputExpAgricultural_Both/exp12/agricultural|Random|25|-|-|-|-|-|FRONT|20|400|NSGAII/results/AGRICULTURAL_NSGAII_131225_09064517286767162090022965_14_Front
40.83323181873554,58.54542210368644,outputExpAgricultural_Both/exp12/agricultural|Random|25|-|-|-|-|-|FRONT|20|400|NSGAII/results/AGRICULTURAL_NSGAII_131225_09064517286767162090022965_14_Front
64.5511024485321,37.05393742751292,outputExpAgricultural_Both/exp12/agricultural|Random|25|-|-|-|-|-|FRONT|20|400|NSGAII/results/AGRICULTURAL_NSGAII_131225_09064517286767162090022965_14_Front
27.189669874527954,75.6478172879621,outputExpAgricultural_Both/exp12/agricultural|Random|25|-|-|-|-|-|FRONT|20|400|NSGAII/results/AGRICULTURAL_NSGAII_131225_09064517286767162090022965_14_Front
65.0140090144963,36.30885246209542,outputExpAgricultural_Both/exp12/agricultural|Random|25|-|-|-|-|-|FRONT|20|400|NSGAII/results/AGRICULTURAL_NSGAII_131225_09064517286767162090022965_14_Front
32.50091363138019,66.54480229516972,outputExpAgricultural_Both/exp12/agricultural|Random|25|-|-|-|-|-|FRONT|20|400|NSGAII/results/AGRICULTURAL_NSGAII_131225_09064517286767162090022965_14_Front
50.03045437933975,45.11482891876283,outputExpAgricultural_Both/exp12/agricultural|Random|25|-|-|-|-|-|FRONT|20|400|NSGAII/results/AGRICULTURAL_NSGAII_131225_09064517286767162090022965_14_Front
5.006699963454748,94.30151806131408,outputExpAgricultural_Both/exp12/agricultural|Random|25|-|-|-|-|-|FRONT|20|400|NSGAII/results/AGRICULTURAL_NSGAII_131225_09064517286767162090022965_14_Front
82.67754903155074,9.002061332870047,outputExpAgricultural_Both/exp12/agricultural|Random|25|-|-|-|-|-|FRONT|20|400|NSGAII/results/AGRICULTURAL_NSGAII_131225_09064517286767162090022965_14_Front
0.986721890607869,98.91533509571816,outputExpAgricultural_Both/exp12/agricultural|Random|25|-|-|-|-|-|FRONT|20|400|NSGAII/results/AGRICULTURAL_NSGAII_131225_09064517286767162090022965_14_Front
0.0,99.99342627330738,outputExpAgricultural_Both/exp12/agricultural|Random|25|-|-|-|-|-|FRONT|20|400|NSGAII/results/AGRICULTURAL_NSGAII_131225_09075717341442672446786482_15_Front
83.29881837008162,8.678164427686667,outputExpAgricultural_Both/exp12/agricultural|Random|25|-|-|-|-|-|FRONT|20|400|NSGAII/results/AGRICULTURAL_NSGAII_131225_09075717341442672446786482_15_Front
18.272627603849436,83.7535040311031,outputExpAgricultural_Both/exp12/agricultural|Random|25|-|-|-|-|-|FRONT|20|400|NSGAII/results/AGRICULTURAL_NSGAII_131225_09075717341442672446786482_15_Front
59.690583505908144,33.71899196596688,outputExpAgricultural_Both/exp12/agricultural|Random|25|-|-|-|-|-|FRONT|20|400|NSGAII/results/AGRICULTURAL_NSGAII_131225_09075717341442672446786482_15_Front
27.189669874527954,75.6478172879621,outputExpAgricultural_Both/exp12/agricultural|Random|25|-|-|-|-|-|FRONT|20|400|NSGAII/results/AGRICULTURAL_NSGAII_131225_09075717341442672446786482_15_Front
10.732123279327563,91.17345716982284,outputExpAgricultural_Both/exp12/agricultural|Random|25|-|-|-|-|-|FRONT|20|400|NSGAII/results/AGRICULTURAL_NSGAII_131225_09075717341442672446786482_15_Front
48.61737117797539,49.241157163718675,outputExpAgricultural_Both/exp12/agricultural|Random|25|-|-|-|-|-|FRONT|20|400|NSGAII/results/AGRICULTURAL_NSGAII_131225_09075717341442672446786482_15_Front
53.78243391399684,42.632777540393214,outputExpAgricultural_Both/exp12/agricultural|Random|25|-|-|-|-|-|FRONT|20|400|NSGAII/results/AGRICULTURAL_NSGAII_131225_09075717341442672446786482_15_Front
78.96211475210136,14.757828604163056,outputExpAgricultural_Both/exp12/agricultural|Random|25|-|-|-|-|-|FRONT|20|400|NSGAII/results/AGRICULTURAL_NSGAII_131225_09075717341442672446786482_15_Front
75.70958703861615,24.66875460747808,outputExpAgricultural_Both/exp12/agricultural|Random|25|-|-|-|-|-|FRONT|20|400|NSGAII/results/AGRICULTURAL_NSGAII_131225_09075717341442672446786482_15_Front
32.50091363138019,66.54480229516972,outputExpAgricultural_Both/exp12/agricultural|Random|25|-|-|-|-|-|FRONT|20|400|NSGAII/results/AGRICULTURAL_NSGAII_131225_09075717341442672446786482_15_Front
70.44707028870752,28.79517676281525,outputExpAgricultural_Both/exp12/agricultural|Random|25|-|-|-|-|-|FRONT|20|400|NSGAII/results/AGRICULTURAL_NSGAII_131225_09075717341442672446786482_15_Front
0.986721890607869,98.91533509571816,outputExpAgricultural_Both/exp12/agricultural|Random|25|-|-|-|-|-|FRONT|20|400|NSGAII/results/AGRICULTURAL_NSGAII_131225_09075717341442672446786482_15_Front
5.006699963454748,94.30151806131408,outputExpAgricultural_Both/exp12/agricultural|Random|25|-|-|-|-|-|FRONT|20|400|NSGAII/results/AGRICULTURAL_NSGAII_131225_09075717341442672446786482_15_Front
40.83323181873554,58.54542210368644,outputExpAgricultural_Both/exp12/agricultural|Random|25|-|-|-|-|-|FRONT|20|400|NSGAII/results/AGRICULTURAL_NSGAII_131225_09075717341442672446786482_15_Front
70.97088561335121,28.566598894674804,outputExpAgricultural_Both/exp12/agricultural|Random|25|-|-|-|-|-|FRONT|20|400|NSGAII/results/AGRICULTURAL_NSGAII_131225_09075717341442672446786482_15_Front
34.596174929954934,61.75828406951245,outputExpAgricultural_Both/exp12/agricultural|Random|25|-|-|-|-|-|FRONT|20|400|NSGAII/results/AGRICULTURAL_NSGAII_131225_09075717341442672446786482_15_Front
0.0,99.99342627330738,outputExpAgricultural_Both/exp12/agricultural|Random|25|-|-|-|-|-|FRONT|20|400|NSGAII/results/AGRICULTURAL_NSGAII_131225_09085515902346568828332883_16_Front
83.29881837008162,8.678164427686667,outputExpAgricultural_Both/exp12/agricultural|Random|25|-|-|-|-|-|FRONT|20|400|NSGAII/results/AGRICULTURAL_NSGAII_131225_09085515902346568828332883_16_Front
59.690583505908144,33.71899196596688,outputExpAgricultural_Both/exp12/agricultural|Random|25|-|-|-|-|-|FRONT|20|400|NSGAII/results/AGRICULTURAL_NSGAII_131225_09085515902346568828332883_16_Front
53.78243391399684,42.632777540393214,outputExpAgricultural_Both/exp12/agricultural|Random|25|-|-|-|-|-|FRONT|20|400|NSGAII/results/AGRICULTURAL_NSGAII_131225_09085515902346568828332883_16_Front
10.732123279327563,91.17345716982284,outputExpAgricultural_Both/exp12/agricultural|Random|25|-|-|-|-|-|FRONT|20|400|NSGAII/results/AGRICULTURAL_NSGAII_131225_09085515902346568828332883_16_Front
78.96211475210136,14.757828604163056,outputExpAgricultural_Both/exp12/agricultural|Random|25|-|-|-|-|-|FRONT|20|400|NSGAII/results/AGRICULTURAL_NSGAII_131225_09085515902346568828332883_16_Front
40.83323181873554,58.54542210368644,outputExpAgricultural_Both/exp12/agricultural|Random|25|-|-|-|-|-|FRONT|20|400|NSGAII/results/AGRICULTURAL_NSGAII_131225_09085515902346568828332883_16_Front
26.142039225240595,76.73745944245405,outputExpAgricultural_Both/exp12/agricultural|Random|25|-|-|-|-|-|FRONT|20|400|NSGAII/results/AGRICULTURAL_NSGAII_131225_09085515902346568828332883_16_Front
18.272627603849436,83.7535040311031,outputExpAgricultural_Both/exp12/agricultural|Random|25|-|-|-|-|-|FRONT|20|400|NSGAII/results/AGRICULTURAL_NSGAII_131225_09085515902346568828332883_16_Front
45.73029601656718,54.61320661692547,outputExpAgricultural_Both/exp12/agricultural|Random|25|-|-|-|-|-|FRONT|20|400|NSGAII/results/AGRICULTURAL_NSGAII_131225_09085515902346568828332883_16_Front
70.44707028870752,28.79517676281525,outputExpAgricultural_Both/exp12/agricultural|Random|25|-|-|-|-|-|FRONT|20|400|NSGAII/results/AGRICULTURAL_NSGAII_131225_09085515902346568828332883_16_Front
30.64928736752346,67.288948156774,outputExpAgricultural_Both/exp12/agricultural|Random|25|-|-|-|-|-|FRONT|20|400|NSGAII/results/AGRICULTURAL_NSGAII_131225_09085515902346568828332883_16_Front
27.189669874527954,75.6478172879621,outputExpAgricultural_Both/exp12/agricultural|Random|25|-|-|-|-|-|FRONT|20|400|NSGAII/results/AGRICULTURAL_NSGAII_131225_09085515902346568828332883_16_Front
35.88744061396029,61.17275284196292,outputExpAgricultural_Both/exp12/agricultural|Random|25|-|-|-|-|-|FRONT|20|400|NSGAII/results/AGRICULTURAL_NSGAII_131225_09085515902346568828332883_16_Front
5.006699963454748,94.30151806131408,outputExpAgricultural_Both/exp12/agricultural|Random|25|-|-|-|-|-|FRONT|20|400|NSGAII/results/AGRICULTURAL_NSGAII_131225_09085515902346568828332883_16_Front
82.67754903155074,9.002061332870047,outputExpAgricultural_Both/exp12/agricultural|Random|25|-|-|-|-|-|FRONT|20|400|NSGAII/results/AGRICULTURAL_NSGAII_131225_09085515902346568828332883_16_Front
0.0,99.99342627330738,outputExpAgricultural_Both/exp12/agricultural|Random|25|-|-|-|-|-|FRONT|20|400|NSGAII/results/AGRICULTURAL_NSGAII_131225_09121117733074322510880973_17_Front
83.29881837008162,8.678164427686667,outputExpAgricultural_Both/exp12/agricultural|Random|25|-|-|-|-|-|FRONT|20|400|NSGAII/results/AGRICULTURAL_NSGAII_131225_09121117733074322510880973_17_Front
70.44707028870752,28.79517676281525,outputExpAgricultural_Both/exp12/agricultural|Random|25|-|-|-|-|-|FRONT|20|400|NSGAII/results/AGRICULTURAL_NSGAII_131225_09121117733074322510880973_17_Front
10.732123279327563,91.17345716982284,outputExpAgricultural_Both/exp12/agricultural|Random|25|-|-|-|-|-|FRONT|20|400|NSGAII/results/AGRICULTURAL_NSGAII_131225_09121117733074322510880973_17_Front
78.85247898647826,14.830139597781844,outputExpAgricultural_Both/exp12/agricultural|Random|25|-|-|-|-|-|FRONT|20|400|NSGAII/results/AGRICULTURAL_NSGAII_131225_09121117733074322510880973_17_Front
35.88744061396029,61.17275284196292,outputExpAgricultural_Both/exp12/agricultural|Random|25|-|-|-|-|-|FRONT|20|400|NSGAII/results/AGRICULTURAL_NSGAII_131225_09121117733074322510880973_17_Front
49.01936898526008,49.1173832811348,outputExpAgricultural_Both/exp12/agricultural|Random|25|-|-|-|-|-|FRONT|20|400|NSGAII/results/AGRICULTURAL_NSGAII_131225_09121117733074322510880973_17_Front
60.66512364478012,33.20473871784158,outputExpAgricultural_Both/exp12/agricultural|Random|25|-|-|-|-|-|FRONT|20|400|NSGAII/results/AGRICULTURAL_NSGAII_131225_09121117733074322510880973_17_Front
22.29260567669632,78.32078847156158,outputExpAgricultural_Both/exp12/agricultural|Random|25|-|-|-|-|-|FRONT|20|400|NSGAII/results/AGRICULTURAL_NSGAII_131225_09121117733074322510880973_17_Front
5.006699963454748,94.30151806131408,outputExpAgricultural_Both/exp12/agricultural|Random|25|-|-|-|-|-|FRONT|20|400|NSGAII/results/AGRICULTURAL_NSGAII_131225_09121117733074322510880973_17_Front
18.272627603849436,83.7535040311031,outputExpAgricultural_Both/exp12/agricultural|Random|25|-|-|-|-|-|FRONT|20|400|NSGAII/results/AGRICULTURAL_NSGAII_131225_09121117733074322510880973_17_Front
30.64928736752346,67.288948156774,outputExpAgricultural_Both/exp12/agricultural|Random|25|-|-|-|-|-|FRONT|20|400|NSGAII/results/AGRICULTURAL_NSGAII_131225_09121117733074322510880973_17_Front
27.189669874527954,75.6478172879621,outputExpAgricultural_Both/exp12/agricultural|Random|25|-|-|-|-|-|FRONT|20|400|NSGAII/results/AGRICULTURAL_NSGAII_131225_09121117733074322510880973_17_Front
53.78243391399684,42.632777540393214,outputExpAgricultural_Both/exp12/agricultural|Random|25|-|-|-|-|-|FRONT|20|400|NSGAII/results/AGRICULTURAL_NSGAII_131225_09121117733074322510880973_17_Front
3.4230722377877956,98.0220595485728,outputExpAgricultural_Both/exp12/agricultural|Random|25|-|-|-|-|-|FRONT|20|400|NSGAII/results/AGRICULTURAL_NSGAII_131225_09121117733074322510880973_17_Front
0.0,99.99342627330738,outputExpAgricultural_Both/exp12/agricultural|Random|25|-|-|-|-|-|FRONT|20|400|NSGAII/results/AGRICULTURAL_NSGAII_131225_09152215739895929981701867_18_Front
83.29881837008162,8.678164427686667,outputExpAgricultural_Both/exp12/agricultural|Random|25|-|-|-|-|-|FRONT|20|400|NSGAII/results/AGRICULTURAL_NSGAII_131225_09152215739895929981701867_18_Front
60.66512364478012,33.20473871784158,outputExpAgricultural_Both/exp12/agricultural|Random|25|-|-|-|-|-|FRONT|20|400|NSGAII/results/AGRICULTURAL_NSGAII_131225_09152215739895929981701867_18_Front
45.73029601656718,54.61320661692547,outputExpAgricultural_Both/exp12/agricultural|Random|25|-|-|-|-|-|FRONT|20|400|NSGAII/results/AGRICULTURAL_NSGAII_131225_09152215739895929981701867_18_Front
10.732123279327563,91.17345716982284,outputExpAgricultural_Both/exp12/agricultural|Random|25|-|-|-|-|-|FRONT|20|400|NSGAII/results/AGRICULTURAL_NSGAII_131225_09152215739895929981701867_18_Front
35.88744061396029,61.17275284196292,outputExpAgricultural_Both/exp12/agricultural|Random|25|-|-|-|-|-|FRONT|20|400|NSGAII/results/AGRICULTURAL_NSGAII_131225_09152215739895929981701867_18_Front
30.64928736752346,67.288948156774,outputExpAgricultural_Both/exp12/agricultural|Random|25|-|-|-|-|-|FRONT|20|400|NSGAII/results/AGRICULTURAL_NSGAII_131225_09152215739895929981701867_18_Front
49.01936898526008,49.1173832811348,outputExpAgricultural_Both/exp12/agricultural|Random|25|-|-|-|-|-|FRONT|20|400|NSGAII/results/AGRICULTURAL_NSGAII_131225_09152215739895929981701867_18_Front
78.85247898647826,14.830139597781844,outputExpAgricultural_Both/exp12/agricultural|Random|25|-|-|-|-|-|FRONT|20|400|NSGAII/results/AGRICULTURAL_NSGAII_131225_09152215739895929981701867_18_Front
22.29260567669632,78.32078847156158,outputExpAgricultural_Both/exp12/agricultural|Random|25|-|-|-|-|-|FRONT|20|400|NSGAII/results/AGRICULTURAL_NSGAII_131225_09152215739895929981701867_18_Front
18.272627603849436,83.7535040311031,outputExpAgricultural_Both/exp12/agricultural|Random|25|-|-|-|-|-|FRONT|20|400|NSGAII/results/AGRICULTURAL_NSGAII_131225_09152215739895929981701867_18_Front
53.78243391399684,42.632777540393214,outputExpAgricultural_Both/exp12/agricultural|Random|25|-|-|-|-|-|FRONT|20|400|NSGAII/results/AGRICULTURAL_NSGAII_131225_09152215739895929981701867_18_Front
70.44707028870752,28.79517676281525,outputExpAgricultural_Both/exp12/agricultural|Random|25|-|-|-|-|-|FRONT|20|400|NSGAII/results/AGRICULTURAL_NSGAII_131225_09152215739895929981701867_18_Front
75.05177244487757,25.060548718358078,outputExpAgricultural_Both/exp12/agricultural|Random|25|-|-|-|-|-|FRONT|20|400|NSGAII/results/AGRICULTURAL_NSGAII_131225_09152215739895929981701867_18_Front
76.58667316360093,16.32153036357405,outputExpAgricultural_Both/exp12/agricultural|Random|25|-|-|-|-|-|FRONT|20|400|NSGAII/results/AGRICULTURAL_NSGAII_131225_09152215739895929981701867_18_Front
27.189669874527954,75.6478172879621,outputExpAgricultural_Both/exp12/agricultural|Random|25|-|-|-|-|-|FRONT|20|400|NSGAII/results/AGRICULTURAL_NSGAII_131225_09152215739895929981701867_18_Front
0.0,99.99342627330738,outputExpAgricultural_Both/exp12/agricultural|Random|25|-|-|-|-|-|FRONT|20|400|NSGAII/results/AGRICULTURAL_NSGAII_131225_0916459714912804941508247_19_Front
83.29881837008162,8.678164427686667,outputExpAgricultural_Both/exp12/agricultural|Random|25|-|-|-|-|-|FRONT|20|400|NSGAII/results/AGRICULTURAL_NSGAII_131225_0916459714912804941508247_19_Front
10.732123279327563,91.17345716982284,outputExpAgricultural_Both/exp12/agricultural|Random|25|-|-|-|-|-|FRONT|20|400|NSGAII/results/AGRICULTURAL_NSGAII_131225_0916459714912804941508247_19_Front
30.64928736752346,67.288948156774,outputExpAgricultural_Both/exp12/agricultural|Random|25|-|-|-|-|-|FRONT|20|400|NSGAII/results/AGRICULTURAL_NSGAII_131225_0916459714912804941508247_19_Front
60.66512364478012,33.20473871784158,outputExpAgricultural_Both/exp12/agricultural|Random|25|-|-|-|-|-|FRONT|20|400|NSGAII/results/AGRICULTURAL_NSGAII_131225_0916459714912804941508247_19_Front
48.88536971616519,45.71848484990774,outputExpAgricultural_Both/exp12/agricultural|Random|25|-|-|-|-|-|FRONT|20|400|NSGAII/results/AGRICULTURAL_NSGAII_131225_0916459714912804941508247_19_Front
39.22524058959678,59.202513041804195,outputExpAgricultural_Both/exp12/agricultural|Random|25|-|-|-|-|-|FRONT|20|400|NSGAII/results/AGRICULTURAL_NSGAII_131225_0916459714912804941508247_19_Front
35.88744061396029,61.17275284196292,outputExpAgricultural_Both/exp12/agricultural|Random|25|-|-|-|-|-|FRONT|20|400|NSGAII/results/AGRICULTURAL_NSGAII_131225_0916459714912804941508247_19_Front
70.44707028870752,28.79517676281525,outputExpAgricultural_Both/exp12/agricultural|Random|25|-|-|-|-|-|FRONT|20|400|NSGAII/results/AGRICULTURAL_NSGAII_131225_0916459714912804941508247_19_Front
45.73029601656718,54.61320661692547,outputExpAgricultural_Both/exp12/agricultural|Random|25|-|-|-|-|-|FRONT|20|400|NSGAII/results/AGRICULTURAL_NSGAII_131225_0916459714912804941508247_19_Front
78.85247898647826,14.830139597781844,outputExpAgricultural_Both/exp12/agricultural|Random|25|-|-|-|-|-|FRONT|20|400|NSGAII/results/AGRICULTURAL_NSGAII_131225_0916459714912804941508247_19_Front
18.272627603849436,83.7535040311031,outputExpAgricultural_Both/exp12/agricultural|Random|25|-|-|-|-|-|FRONT|20|400|NSGAII/results/AGRICULTURAL_NSGAII_131225_0916459714912804941508247_19_Front
53.78243391399684,42.632777540393214,outputExpAgricultural_Both/exp12/agricultural|Random|25|-|-|-|-|-|FRONT|20|400|NSGAII/results/AGRICULTURAL_NSGAII_131225_0916459714912804941508247_19_Front
76.58667316360093,16.32153036357405,outputExpAgricultural_Both/exp12/agricultural|Random|25|-|-|-|-|-|FRONT|20|400|NSGAII/results/AGRICULTURAL_NSGAII_131225_0916459714912804941508247_19_Front
27.189669874527954,75.6478172879621,outputExpAgricultural_Both/exp12/agricultural|Random|25|-|-|-|-|-|FRONT|20|400|NSGAII/results/AGRICULTURAL_NSGAII_131225_0916459714912804941508247_19_Front
75.05177244487757,25.060548718358078,outputExpAgricultural_Both/exp12/agricultural|Random|25|-|-|-|-|-|FRONT|20|400|NSGAII/results/AGRICULTURAL_NSGAII_131225_0916459714912804941508247_19_Front
0.0,99.99342627330738,outputExpAgricultural_Both/exp12/agricultural|Random|25|-|-|-|-|-|FRONT|20|400|NSGAII/results/AGRICULTURAL_NSGAII_131225_0917556436634830550164107_20_Front
83.29881837008162,8.678164427686667,outputExpAgricultural_Both/exp12/agricultural|Random|25|-|-|-|-|-|FRONT|20|400|NSGAII/results/AGRICULTURAL_NSGAII_131225_0917556436634830550164107_20_Front
18.272627603849436,83.7535040311031,outputExpAgricultural_Both/exp12/agricultural|Random|25|-|-|-|-|-|FRONT|20|400|NSGAII/results/AGRICULTURAL_NSGAII_131225_0917556436634830550164107_20_Front
60.66512364478012,33.20473871784158,outputExpAgricultural_Both/exp12/agricultural|Random|25|-|-|-|-|-|FRONT|20|400|NSGAII/results/AGRICULTURAL_NSGAII_131225_0917556436634830550164107_20_Front
27.189669874527954,75.6478172879621,outputExpAgricultural_Both/exp12/agricultural|Random|25|-|-|-|-|-|FRONT|20|400|NSGAII/results/AGRICULTURAL_NSGAII_131225_0917556436634830550164107_20_Front
10.732123279327563,91.17345716982284,outputExpAgricultural_Both/exp12/agricultural|Random|25|-|-|-|-|-|FRONT|20|400|NSGAII/results/AGRICULTURAL_NSGAII_131225_0917556436634830550164107_20_Front
45.73029601656718,54.61320661692547,outputExpAgricultural_Both/exp12/agricultural|Random|25|-|-|-|-|-|FRONT|20|400|NSGAII/results/AGRICULTURAL_NSGAII_131225_0917556436634830550164107_20_Front
70.44707028870752,28.79517676281525,outputExpAgricultural_Both/exp12/agricultural|Random|25|-|-|-|-|-|FRONT|20|400|NSGAII/results/AGRICULTURAL_NSGAII_131225_0917556436634830550164107_20_Front
30.64928736752346,67.288948156774,outputExpAgricultural_Both/exp12/agricultural|Random|25|-|-|-|-|-|FRONT|20|400|NSGAII/results/AGRICULTURAL_NSGAII_131225_0917556436634830550164107_20_Front
48.88536971616519,45.71848484990774,outputExpAgricultural_Both/exp12/agricultural|Random|25|-|-|-|-|-|FRONT|20|400|NSGAII/results/AGRICULTURAL_NSGAII_131225_0917556436634830550164107_20_Front
75.05177244487757,25.060548718358078,outputExpAgricultural_Both/exp12/agricultural|Random|25|-|-|-|-|-|FRONT|20|400|NSGAII/results/AGRICULTURAL_NSGAII_131225_0917556436634830550164107_20_Front
35.88744061396029,61.17275284196292,outputExpAgricultural_Both/exp12/agricultural|Random|25|-|-|-|-|-|FRONT|20|400|NSGAII/results/AGRICULTURAL_NSGAII_131225_0917556436634830550164107_20_Front
53.78243391399684,42.632777540393214,outputExpAgricultural_Both/exp12/agricultural|Random|25|-|-|-|-|-|FRONT|20|400|NSGAII/results/AGRICULTURAL_NSGAII_131225_0917556436634830550164107_20_Front
39.22524058959678,59.202513041804195,outputExpAgricultural_Both/exp12/agricultural|Random|25|-|-|-|-|-|FRONT|20|400|NSGAII/results/AGRICULTURAL_NSGAII_131225_0917556436634830550164107_20_Front
44.36593982214642,58.80884072329776,outputExpAgricultural_Both/exp12/agricultural|Random|25|-|-|-|-|-|FRONT|20|400|NSGAII/results/AGRICULTURAL_NSGAII_131225_0917556436634830550164107_20_Front
5.006699963454748,94.30151806131408,outputExpAgricultural_Both/exp12/agricultural|Random|25|-|-|-|-|-|FRONT|20|400|NSGAII/results/AGRICULTURAL_NSGAII_131225_0917556436634830550164107_20_Front
28.761115848459006,74.94264423460693,outputExpAgricultural_Both/exp12/agricultural|KMeans|25|1000|Euclidean|-|-|-|FRONT|20|400|NSGAII/results/AGRICULTURAL_NSGAII_131225_100113664806406783398437_1_Front
2.3754415885004216,98.07032948457287,outputExpAgricultural_Both/exp12/agricultural|KMeans|25|1000|Euclidean|-|-|-|FRONT|20|400|NSGAII/results/AGRICULTURAL_NSGAII_131225_100113664806406783398437_1_Front
6.614691192593497,96.40774009362866,outputExpAgricultural_Both/exp12/agricultural|KMeans|25|1000|Euclidean|-|-|-|FRONT|20|400|NSGAII/results/AGRICULTURAL_NSGAII_131225_100113664806406783398437_1_Front
46.61956389328786,59.14231648737609,outputExpAgricultural_Both/exp12/agricultural|KMeans|25|1000|Euclidean|-|-|-|FRONT|20|400|NSGAII/results/AGRICULTURAL_NSGAII_131225_100113664806406783398437_1_Front
73.12705567060544,50.67601387995436,outputExpAgricultural_Both/exp12/agricultural|KMeans|25|1000|Euclidean|-|-|-|FRONT|20|400|NSGAII/results/AGRICULTURAL_NSGAII_131225_100113664806406783398437_1_Front
46.03483980996468,60.67380698599326,outputExpAgricultural_Both/exp12/agricultural|KMeans|25|1000|Euclidean|-|-|-|FRONT|20|400|NSGAII/results/AGRICULTURAL_NSGAII_131225_100113664806406783398437_1_Front
78.21902789621149,43.429982767445026,outputExpAgricultural_Both/exp12/agricultural|KMeans|25|1000|Euclidean|-|-|-|FRONT|20|400|NSGAII/results/AGRICULTURAL_NSGAII_131225_100113664806406783398437_1_Front
1.1572664149104583,99.52828815461403,outputExpAgricultural_Both/exp12/agricultural|KMeans|25|1000|Euclidean|-|-|-|FRONT|20|400|NSGAII/results/AGRICULTURAL_NSGAII_131225_100113664806406783398437_1_Front
25.374588865878923,77.80925862449463,outputExpAgricultural_Both/exp12/agricultural|KMeans|25|1000|Euclidean|-|-|-|FRONT|20|400|NSGAII/results/AGRICULTURAL_NSGAII_131225_100113664806406783398437_1_Front
19.381167011816302,83.22037479633185,outputExpAgricultural_Both/exp12/agricultural|KMeans|25|1000|Euclidean|-|-|-|FRONT|20|400|NSGAII/results/AGRICULTURAL_NSGAII_131225_100113664806406783398437_1_Front
31.173102692167138,66.22128103151164,outputExpAgricultural_Both/exp12/agricultural|KMeans|25|1000|Euclidean|-|-|-|FRONT|20|400|NSGAII/results/AGRICULTURAL_NSGAII_131225_100113664806406783398437_1_Front
64.11255938603972,55.1811766031676,outputExpAgricultural_Both/exp12/agricultural|KMeans|25|1000|Euclidean|-|-|-|FRONT|20|400|NSGAII/results/AGRICULTURAL_NSGAII_131225_100113664806406783398437_1_Front
0.8039956145693812,99.5618141607464,outputExpAgricultural_Both/exp12/agricultural|KMeans|25|1000|Euclidean|-|-|-|FRONT|20|400|NSGAII/results/AGRICULTURAL_NSGAII_131225_100113664806406783398437_1_Front
0.8039956145693812,99.5618141607464,outputExpAgricultural_Both/exp12/agricultural|KMeans|25|1000|Euclidean|-|-|-|FRONT|20|400|NSGAII/results/AGRICULTURAL_NSGAII_131225_10013715157669116874002167_2_Front
78.21902789621149,43.429982767445026,outputExpAgricultural_Both/exp12/agricultural|KMeans|25|1000|Euclidean|-|-|-|FRONT|20|400|NSGAII/results/AGRICULTURAL_NSGAII_131225_10013715157669116874002167_2_Front
73.12705567060544,50.67601387995436,outputExpAgricultural_Both/exp12/agricultural|KMeans|25|1000|Euclidean|-|-|-|FRONT|20|400|NSGAII/results/AGRICULTURAL_NSGAII_131225_10013715157669116874002167_2_Front
8.222682421732246,95.16061022965783,outputExpAgricultural_Both/exp12/agricultural|KMeans|25|1000|Euclidean|-|-|-|FRONT|20|400|NSGAII/results/AGRICULTURAL_NSGAII_131225_10013715157669116874002167_2_Front
46.61956389328786,59.14231648737609,outputExpAgricultural_Both/exp12/agricultural|KMeans|25|1000|Euclidean|-|-|-|FRONT|20|400|NSGAII/results/AGRICULTURAL_NSGAII_131225_10013715157669116874002167_2_Front
63.49129004750883,55.89339293512201,outputExpAgricultural_Both/exp12/agricultural|KMeans|25|1000|Euclidean|-|-|-|FRONT|20|400|NSGAII/results/AGRICULTURAL_NSGAII_131225_10013715157669116874002167_2_Front
19.381167011816302,83.22037479633185,outputExpAgricultural_Both/exp12/agricultural|KMeans|25|1000|Euclidean|-|-|-|FRONT|20|400|NSGAII/results/AGRICULTURAL_NSGAII_131225_10013715157669116874002167_2_Front
34.912900475088314,61.57497100516976,outputExpAgricultural_Both/exp12/agricultural|KMeans|25|1000|Euclidean|-|-|-|FRONT|20|400|NSGAII/results/AGRICULTURAL_NSGAII_131225_10013715157669116874002167_2_Front
46.03483980996468,60.67380698599326,outputExpAgricultural_Both/exp12/agricultural|KMeans|25|1000|Euclidean|-|-|-|FRONT|20|400|NSGAII/results/AGRICULTURAL_NSGAII_131225_10013715157669116874002167_2_Front
28.761115848459006,74.94264423460693,outputExpAgricultural_Both/exp12/agricultural|KMeans|25|1000|Euclidean|-|-|-|FRONT|20|400|NSGAII/results/AGRICULTURAL_NSGAII_131225_10013715157669116874002167_2_Front
64.11255938603972,55.1811766031676,outputExpAgricultural_Both/exp12/agricultural|KMeans|25|1000|Euclidean|-|-|-|FRONT|20|400|NSGAII/results/AGRICULTURAL_NSGAII_131225_10013715157669116874002167_2_Front
31.173102692167138,66.22128103151164,outputExpAgricultural_Both/exp12/agricultural|KMeans|25|1000|Euclidean|-|-|-|FRONT|20|400|NSGAII/results/AGRICULTURAL_NSGAII_131225_10013715157669116874002167_2_Front
23.340236325983675,77.78437237344401,outputExpAgricultural_Both/exp12/agricultural|KMeans|25|1000|Euclidean|-|-|-|FRONT|20|400|NSGAII/results/AGRICULTURAL_NSGAII_131225_10013715157669116874002167_2_Front
6.614691192593497,96.40774009362866,outputExpAgricultural_Both/exp12/agricultural|KMeans|25|1000|Euclidean|-|-|-|FRONT|20|400|NSGAII/results/AGRICULTURAL_NSGAII_131225_10013715157669116874002167_2_Front
19.490802777439402,82.98296935234707,outputExpAgricultural_Both/exp12/agricultural|KMeans|25|1000|Euclidean|-|-|-|FRONT|20|400|NSGAII/results/AGRICULTURAL_NSGAII_131225_10013715157669116874002167_2_Front
31.94055305152881,65.80957791979115,outputExpAgricultural_Both/exp12/agricultural|KMeans|25|1000|Euclidean|-|-|-|FRONT|20|400|NSGAII/results/AGRICULTURAL_NSGAII_131225_10013715157669116874002167_2_Front
1.924716774272145,97.66632702412087,outputExpAgricultural_Both/exp12/agricultural|KMeans|25|1000|Euclidean|-|-|-|FRONT|20|400|NSGAII/results/AGRICULTURAL_NSGAII_131225_10013715157669116874002167_2_Front
25.947131197466195,76.97514661758285,outputExpAgricultural_Both/exp12/agricultural|KMeans|25|1000|Euclidean|-|-|-|FRONT|20|400|NSGAII/results/AGRICULTURAL_NSGAII_131225_10013715157669116874002167_2_Front
0.8039956145693812,99.5618141607464,outputExpAgricultural_Both/exp12/agricultural|KMeans|25|1000|Euclidean|-|-|-|FRONT|20|400|NSGAII/results/AGRICULTURAL_NSGAII_131225_1110211044788424188068831_3_Front
78.21902789621149,43.429982767445026,outputExpAgricultural_Both/exp12/agricultural|KMeans|25|1000|Euclidean|-|-|-|FRONT|20|400|NSGAII/results/AGRICULTURAL_NSGAII_131225_1110211044788424188068831_3_Front
49.48227555122427,45.43938319661547,outputExpAgricultural_Both/exp12/agricultural|KMeans|25|1000|Euclidean|-|-|-|FRONT|20|400|NSGAII/results/AGRICULTURAL_NSGAII_131225_1110211044788424188068831_3_Front
8.222682421732246,95.16061022965783,outputExpAgricultural_Both/exp12/agricultural|KMeans|25|1000|Euclidean|-|-|-|FRONT|20|400|NSGAII/results/AGRICULTURAL_NSGAII_131225_1110211044788424188068831_3_Front
34.912900475088314,61.57497100516976,outputExpAgricultural_Both/exp12/agricultural|KMeans|25|1000|Euclidean|-|-|-|FRONT|20|400|NSGAII/results/AGRICULTURAL_NSGAII_131225_1110211044788424188068831_3_Front
46.03483980996468,60.67380698599326,outputExpAgricultural_Both/exp12/agricultural|KMeans|25|1000|Euclidean|-|-|-|FRONT|20|400|NSGAII/results/AGRICULTURAL_NSGAII_131225_1110211044788424188068831_3_Front
46.61956389328786,59.14231648737609,outputExpAgricultural_Both/exp12/agricultural|KMeans|25|1000|Euclidean|-|-|-|FRONT|20|400|NSGAII/results/AGRICULTURAL_NSGAII_131225_1110211044788424188068831_3_Front
28.761115848459006,74.94264423460693,outputExpAgricultural_Both/exp12/agricultural|KMeans|25|1000|Euclidean|-|-|-|FRONT|20|400|NSGAII/results/AGRICULTURAL_NSGAII_131225_1110211044788424188068831_3_Front
19.381167011816302,83.22037479633185,outputExpAgricultural_Both/exp12/agricultural|KMeans|25|1000|Euclidean|-|-|-|FRONT|20|400|NSGAII/results/AGRICULTURAL_NSGAII_131225_1110211044788424188068831_3_Front
31.173102692167138,66.22128103151164,outputExpAgricultural_Both/exp12/agricultural|KMeans|25|1000|Euclidean|-|-|-|FRONT|20|400|NSGAII/results/AGRICULTURAL_NSGAII_131225_1110211044788424188068831_3_Front
19.490802777439402,82.98296935234707,outputExpAgricultural_Both/exp12/agricultural|KMeans|25|1000|Euclidean|-|-|-|FRONT|20|400|NSGAII/results/AGRICULTURAL_NSGAII_131225_1110211044788424188068831_3_Front
31.94055305152881,65.80948400940983,outputExpAgricultural_Both/exp12/agricultural|KMeans|25|1000|Euclidean|-|-|-|FRONT|20|400|NSGAII/results/AGRICULTURAL_NSGAII_131225_1110211044788424188068831_3_Front
23.340236325983675,77.78437237344401,outputExpAgricultural_Both/exp12/agricultural|KMeans|25|1000|Euclidean|-|-|-|FRONT|20|400|NSGAII/results/AGRICULTURAL_NSGAII_131225_1110211044788424188068831_3_Front
6.614691192593497,96.40774009362866,outputExpAgricultural_Both/exp12/agricultural|KMeans|25|1000|Euclidean|-|-|-|FRONT|20|400|NSGAII/results/AGRICULTURAL_NSGAII_131225_1110211044788424188068831_3_Front
1.924716774272145,97.66632702412087,outputExpAgricultural_Both/exp12/agricultural|KMeans|25|1000|Euclidean|-|-|-|FRONT|20|400|NSGAII/results/AGRICULTURAL_NSGAII_131225_1110211044788424188068831_3_Front
0.8039956145693812,99.5618141607464,outputExpAgricultural_Both/exp12/agricultural|KMeans|25|1000|Euclidean|-|-|-|FRONT|20|400|NSGAII/results/AGRICULTURAL_NSGAII_131225_1110503261589660814603586_4_Front
78.47484468266536,42.92643530279054,outputExpAgricultural_Both/exp12/agricultural|KMeans|25|1000|Euclidean|-|-|-|FRONT|20|400|NSGAII/results/AGRICULTURAL_NSGAII_131225_1110503261589660814603586_4_Front
49.48227555122427,45.43938319661547,outputExpAgricultural_Both/exp12/agricultural|KMeans|25|1000|Euclidean|-|-|-|FRONT|20|400|NSGAII/results/AGRICULTURAL_NSGAII_131225_1110503261589660814603586_4_Front
78.21902789621149,43.429982767445026,outputExpAgricultural_Both/exp12/agricultural|KMeans|25|1000|Euclidean|-|-|-|FRONT|20|400|NSGAII/results/AGRICULTURAL_NSGAII_131225_1110503261589660814603586_4_Front
13.071019612620288,90.26487423052181,outputExpAgricultural_Both/exp12/agricultural|KMeans|25|1000|Euclidean|-|-|-|FRONT|20|400|NSGAII/results/AGRICULTURAL_NSGAII_131225_1110503261589660814603586_4_Front
35.77780484833718,61.30028313979968,outputExpAgricultural_Both/exp12/agricultural|KMeans|25|1000|Euclidean|-|-|-|FRONT|20|400|NSGAII/results/AGRICULTURAL_NSGAII_131225_1110503261589660814603586_4_Front
46.61956389328786,59.14231648737609,outputExpAgricultural_Both/exp12/agricultural|KMeans|25|1000|Euclidean|-|-|-|FRONT|20|400|NSGAII/results/AGRICULTURAL_NSGAII_131225_1110503261589660814603586_4_Front
46.03483980996468,60.67380698599326,outputExpAgricultural_Both/exp12/agricultural|KMeans|25|1000|Euclidean|-|-|-|FRONT|20|400|NSGAII/results/AGRICULTURAL_NSGAII_131225_1110503261589660814603586_4_Front
31.173102692167138,66.22128103151164,outputExpAgricultural_Both/exp12/agricultural|KMeans|25|1000|Euclidean|-|-|-|FRONT|20|400|NSGAII/results/AGRICULTURAL_NSGAII_131225_1110503261589660814603586_4_Front
23.340236325983675,77.78437237344401,outputExpAgricultural_Both/exp12/agricultural|KMeans|25|1000|Euclidean|-|-|-|FRONT|20|400|NSGAII/results/AGRICULTURAL_NSGAII_131225_1110503261589660814603586_4_Front
6.614691192593497,96.40774009362866,outputExpAgricultural_Both/exp12/agricultural|KMeans|25|1000|Euclidean|-|-|-|FRONT|20|400|NSGAII/results/AGRICULTURAL_NSGAII_131225_1110503261589660814603586_4_Front
8.892678767206718,94.07697833957053,outputExpAgricultural_Both/exp12/agricultural|KMeans|25|1000|Euclidean|-|-|-|FRONT|20|400|NSGAII/results/AGRICULTURAL_NSGAII_131225_1110503261589660814603586_4_Front
29.187477159215504,74.82863703168066,outputExpAgricultural_Both/exp12/agricultural|KMeans|25|1000|Euclidean|-|-|-|FRONT|20|400|NSGAII/results/AGRICULTURAL_NSGAII_131225_1110503261589660814603586_4_Front
34.912900475088314,61.57102676915418,outputExpAgricultural_Both/exp12/agricultural|KMeans|25|1000|Euclidean|-|-|-|FRONT|20|400|NSGAII/results/AGRICULTURAL_NSGAII_131225_1110503261589660814603586_4_Front
31.94055305152881,65.80948400940983,outputExpAgricultural_Both/exp12/agricultural|KMeans|25|1000|Euclidean|-|-|-|FRONT|20|400|NSGAII/results/AGRICULTURAL_NSGAII_131225_1110503261589660814603586_4_Front
19.381167011816302,83.22037479633185,outputExpAgricultural_Both/exp12/agricultural|KMeans|25|1000|Euclidean|-|-|-|FRONT|20|400|NSGAII/results/AGRICULTURAL_NSGAII_131225_1110503261589660814603586_4_Front
0.8039956145693812,99.5618141607464,outputExpAgricultural_Both/exp12/agricultural|KMeans|25|1000|Euclidean|-|-|-|FRONT|20|400|NSGAII/results/AGRICULTURAL_NSGAII_131225_11385512120609638087030641_5_Front
78.47484468266536,42.92643530279054,outputExpAgricultural_Both/exp12/agricultural|KMeans|25|1000|Euclidean|-|-|-|FRONT|20|400|NSGAII/results/AGRICULTURAL_NSGAII_131225_11385512120609638087030641_5_Front
49.48227555122427,45.43938319661547,outputExpAgricultural_Both/exp12/agricultural|KMeans|25|1000|Euclidean|-|-|-|FRONT|20|400|NSGAII/results/AGRICULTURAL_NSGAII_131225_11385512120609638087030641_5_Front
78.21902789621149,43.429982767445026,outputExpAgricultural_Both/exp12/agricultural|KMeans|25|1000|Euclidean|-|-|-|FRONT|20|400|NSGAII/results/AGRICULTURAL_NSGAII_131225_11385512120609638087030641_5_Front
40.077963211109754,58.920687987453576,outputExpAgricultural_Both/exp12/agricultural|KMeans|25|1000|Euclidean|-|-|-|FRONT|20|400|NSGAII/results/AGRICULTURAL_NSGAII_131225_11385512120609638087030641_5_Front
29.187477159215504,74.82863703168066,outputExpAgricultural_Both/exp12/agricultural|KMeans|25|1000|Euclidean|-|-|-|FRONT|20|400|NSGAII/results/AGRICULTURAL_NSGAII_131225_11385512120609638087030641_5_Front
8.892678767206718,94.07697833957053,outputExpAgricultural_Both/exp12/agricultural|KMeans|25|1000|Euclidean|-|-|-|FRONT|20|400|NSGAII/results/AGRICULTURAL_NSGAII_131225_11385512120609638087030641_5_Front
19.381167011816302,83.22037479633185,outputExpAgricultural_Both/exp12/agricultural|KMeans|25|1000|Euclidean|-|-|-|FRONT|20|400|NSGAII/results/AGRICULTURAL_NSGAII_131225_11385512120609638087030641_5_Front
6.614691192593497,96.40774009362866,outputExpAgricultural_Both/exp12/agricultural|KMeans|25|1000|Euclidean|-|-|-|FRONT|20|400|NSGAII/results/AGRICULTURAL_NSGAII_131225_11385512120609638087030641_5_Front
13.071019612620288,90.26487423052181,outputExpAgricultural_Both/exp12/agricultural|KMeans|25|1000|Euclidean|-|-|-|FRONT|20|400|NSGAII/results/AGRICULTURAL_NSGAII_131225_11385512120609638087030641_5_Front
31.173102692167138,66.22128103151164,outputExpAgricultural_Both/exp12/agricultural|KMeans|25|1000|Euclidean|-|-|-|FRONT|20|400|NSGAII/results/AGRICULTURAL_NSGAII_131225_11385512120609638087030641_5_Front
2.241442319405527,98.29937690461992,outputExpAgricultural_Both/exp12/agricultural|KMeans|25|1000|Euclidean|-|-|-|FRONT|20|400|NSGAII/results/AGRICULTURAL_NSGAII_131225_11385512120609638087030641_5_Front
25.581678645389204,77.57100798707793,outputExpAgricultural_Both/exp12/agricultural|KMeans|25|1000|Euclidean|-|-|-|FRONT|20|400|NSGAII/results/AGRICULTURAL_NSGAII_131225_11385512120609638087030641_5_Front
35.77780484833718,61.30028313979968,outputExpAgricultural_Both/exp12/agricultural|KMeans|25|1000|Euclidean|-|-|-|FRONT|20|400|NSGAII/results/AGRICULTURAL_NSGAII_131225_11385512120609638087030641_5_Front
23.340236325983675,77.78437237344401,outputExpAgricultural_Both/exp12/agricultural|KMeans|25|1000|Euclidean|-|-|-|FRONT|20|400|NSGAII/results/AGRICULTURAL_NSGAII_131225_11385512120609638087030641_5_Front
0.0,100.0,outputExpAgricultural_Both/exp12/agricultural|KMeans|25|1000|Euclidean|-|-|-|FRONT|20|400|NSGAII/results/AGRICULTURAL_NSGAII_131225_12005610535335280270610857_6_Front
78.47484468266536,42.92643530279054,outputExpAgricultural_Both/exp12/agricultural|KMeans|25|1000|Euclidean|-|-|-|FRONT|20|400|NSGAII/results/AGRICULTURAL_NSGAII_131225_12005610535335280270610857_6_Front
49.48227555122427,45.43938319661547,outputExpAgricultural_Both/exp12/agricultural|KMeans|25|1000|Euclidean|-|-|-|FRONT|20|400|NSGAII/results/AGRICULTURAL_NSGAII_131225_12005610535335280270610857_6_Front
78.21902789621149,43.429982767445026,outputExpAgricultural_Both/exp12/agricultural|KMeans|25|1000|Euclidean|-|-|-|FRONT|20|400|NSGAII/results/AGRICULTURAL_NSGAII_131225_12005610535335280270610857_6_Front
40.077963211109754,58.920687987453576,outputExpAgricultural_Both/exp12/agricultural|KMeans|25|1000|Euclidean|-|-|-|FRONT|20|400|NSGAII/results/AGRICULTURAL_NSGAII_131225_12005610535335280270610857_6_Front
12.620294798392012,89.72460780677001,outputExpAgricultural_Both/exp12/agricultural|KMeans|25|1000|Euclidean|-|-|-|FRONT|20|400|NSGAII/results/AGRICULTURAL_NSGAII_131225_12005610535335280270610857_6_Front
35.77780484833718,61.30028313979968,outputExpAgricultural_Both/exp12/agricultural|KMeans|25|1000|Euclidean|-|-|-|FRONT|20|400|NSGAII/results/AGRICULTURAL_NSGAII_131225_12005610535335280270610857_6_Front
19.368985260080404,83.21699402260421,outputExpAgricultural_Both/exp12/agricultural|KMeans|25|1000|Euclidean|-|-|-|FRONT|20|400|NSGAII/results/AGRICULTURAL_NSGAII_131225_12005610535335280270610857_6_Front
7.345596296747475,93.43096882644892,outputExpAgricultural_Both/exp12/agricultural|KMeans|25|1000|Euclidean|-|-|-|FRONT|20|400|NSGAII/results/AGRICULTURAL_NSGAII_131225_12005610535335280270610857_6_Front
29.187477159215504,74.82863703168066,outputExpAgricultural_Both/exp12/agricultural|KMeans|25|1000|Euclidean|-|-|-|FRONT|20|400|NSGAII/results/AGRICULTURAL_NSGAII_131225_12005610535335280270610857_6_Front
6.614691192593497,96.40774009362866,outputExpAgricultural_Both/exp12/agricultural|KMeans|25|1000|Euclidean|-|-|-|FRONT|20|400|NSGAII/results/AGRICULTURAL_NSGAII_131225_12005610535335280270610857_6_Front
31.173102692167138,66.22128103151164,outputExpAgricultural_Both/exp12/agricultural|KMeans|25|1000|Euclidean|-|-|-|FRONT|20|400|NSGAII/results/AGRICULTURAL_NSGAII_131225_12005610535335280270610857_6_Front
31.575100499451818,66.1284975747644,outputExpAgricultural_Both/exp12/agricultural|KMeans|25|1000|Euclidean|-|-|-|FRONT|20|400|NSGAII/results/AGRICULTURAL_NSGAII_131225_12005610535335280270610857_6_Front
20.47752466804727,82.8871807633975,outputExpAgricultural_Both/exp12/agricultural|KMeans|25|1000|Euclidean|-|-|-|FRONT|20|400|NSGAII/results/AGRICULTURAL_NSGAII_131225_12005610535335280270610857_6_Front
23.340236325983675,77.78437237344401,outputExpAgricultural_Both/exp12/agricultural|KMeans|25|1000|Euclidean|-|-|-|FRONT|20|400|NSGAII/results/AGRICULTURAL_NSGAII_131225_12005610535335280270610857_6_Front
24.61932025825313,76.41976062243799,outputExpAgricultural_Both/exp12/agricultural|KMeans|25|1000|Euclidean|-|-|-|FRONT|20|400|NSGAII/results/AGRICULTURAL_NSGAII_131225_12005610535335280270610857_6_Front
0.0,100.0,outputExpAgricultural_Both/exp12/agricultural|KMeans|25|1000|Euclidean|-|-|-|FRONT|20|400|NSGAII/results/AGRICULTURAL_NSGAII_131225_1201093534929073734733955_7_Front
78.47484468266536,42.92643530279054,outputExpAgricultural_Both/exp12/agricultural|KMeans|25|1000|Euclidean|-|-|-|FRONT|20|400|NSGAII/results/AGRICULTURAL_NSGAII_131225_1201093534929073734733955_7_Front
49.48227555122427,45.43938319661547,outputExpAgricultural_Both/exp12/agricultural|KMeans|25|1000|Euclidean|-|-|-|FRONT|20|400|NSGAII/results/AGRICULTURAL_NSGAII_131225_1201093534929073734733955_7_Front
78.21902789621149,43.429982767445026,outputExpAgricultural_Both/exp12/agricultural|KMeans|25|1000|Euclidean|-|-|-|FRONT|20|400|NSGAII/results/AGRICULTURAL_NSGAII_131225_1201093534929073734733955_7_Front
12.620294798392012,89.72460780677001,outputExpAgricultural_Both/exp12/agricultural|KMeans|25|1000|Euclidean|-|-|-|FRONT|20|400|NSGAII/results/AGRICULTURAL_NSGAII_131225_1201093534929073734733955_7_Front
48.921914971372885,48.430992304044246,outputExpAgricultural_Both/exp12/agricultural|KMeans|25|1000|Euclidean|-|-|-|FRONT|20|400|NSGAII/results/AGRICULTURAL_NSGAII_131225_1201093534929073734733955_7_Front
35.77780484833718,61.30028313979968,outputExpAgricultural_Both/exp12/agricultural|KMeans|25|1000|Euclidean|-|-|-|FRONT|20|400|NSGAII/results/AGRICULTURAL_NSGAII_131225_1201093534929073734733955_7_Front
29.187477159215504,74.82863703168066,outputExpAgricultural_Both/exp12/agricultural|KMeans|25|1000|Euclidean|-|-|-|FRONT|20|400|NSGAII/results/AGRICULTURAL_NSGAII_131225_1201093534929073734733955_7_Front
6.614691192593497,96.40774009362866,outputExpAgricultural_Both/exp12/agricultural|KMeans|25|1000|Euclidean|-|-|-|FRONT|20|400|NSGAII/results/AGRICULTURAL_NSGAII_131225_1201093534929073734733955_7_Front
40.077963211109754,58.920687987453576,outputExpAgricultural_Both/exp12/agricultural|KMeans|25|1000|Euclidean|-|-|-|FRONT|20|400|NSGAII/results/AGRICULTURAL_NSGAII_131225_1201093534929073734733955_7_Front
6.894871482519184,92.85680075503946,outputExpAgricultural_Both/exp12/agricultural|KMeans|25|1000|Euclidean|-|-|-|FRONT|20|400|NSGAII/results/AGRICULTURAL_NSGAII_131225_1201093534929073734733955_7_Front
23.340236325983675,77.78437237344401,outputExpAgricultural_Both/exp12/agricultural|KMeans|25|1000|Euclidean|-|-|-|FRONT|20|400|NSGAII/results/AGRICULTURAL_NSGAII_131225_1201093534929073734733955_7_Front
19.978072846875385,82.47763759044743,outputExpAgricultural_Both/exp12/agricultural|KMeans|25|1000|Euclidean|-|-|-|FRONT|20|400|NSGAII/results/AGRICULTURAL_NSGAII_131225_1201093534929073734733955_7_Front
19.368985260080404,83.21699402260421,outputExpAgricultural_Both/exp12/agricultural|KMeans|25|1000|Euclidean|-|-|-|FRONT|20|400|NSGAII/results/AGRICULTURAL_NSGAII_131225_1201093534929073734733955_7_Front
31.173102692167138,66.22128103151164,outputExpAgricultural_Both/exp12/agricultural|KMeans|25|1000|Euclidean|-|-|-|FRONT|20|400|NSGAII/results/AGRICULTURAL_NSGAII_131225_1201093534929073734733955_7_Front
24.61932025825313,76.41976062243799,outputExpAgricultural_Both/exp12/agricultural|KMeans|25|1000|Euclidean|-|-|-|FRONT|20|400|NSGAII/results/AGRICULTURAL_NSGAII_131225_1201093534929073734733955_7_Front
0.0,100.0,outputExpAgricultural_Both/exp12/agricultural|KMeans|25|1000|Euclidean|-|-|-|FRONT|20|400|NSGAII/results/AGRICULTURAL_NSGAII_131225_12012417349170533061662061_8_Front
78.47484468266536,42.92643530279054,outputExpAgricultural_Both/exp12/agricultural|KMeans|25|1000|Euclidean|-|-|-|FRONT|20|400|NSGAII/results/AGRICULTURAL_NSGAII_131225_12012417349170533061662061_8_Front
59.909855037154344,44.950485751447395,outputExpAgricultural_Both/exp12/agricultural|KMeans|25|1000|Euclidean|-|-|-|FRONT|20|400|NSGAII/results/AGRICULTURAL_NSGAII_131225_12012417349170533061662061_8_Front
78.21902789621149,43.429982767445026,outputExpAgricultural_Both/exp12/agricultural|KMeans|25|1000|Euclidean|-|-|-|FRONT|20|400|NSGAII/results/AGRICULTURAL_NSGAII_131225_12012417349170533061662061_8_Front
31.173102692167138,66.22128103151164,outputExpAgricultural_Both/exp12/agricultural|KMeans|25|1000|Euclidean|-|-|-|FRONT|20|400|NSGAII/results/AGRICULTURAL_NSGAII_131225_12012417349170533061662061_8_Front
35.77780484833718,61.30028313979968,outputExpAgricultural_Both/exp12/agricultural|KMeans|25|1000|Euclidean|-|-|-|FRONT|20|400|NSGAII/results/AGRICULTURAL_NSGAII_131225_12012417349170533061662061_8_Front
49.48227555122427,45.43938319661547,outputExpAgricultural_Both/exp12/agricultural|KMeans|25|1000|Euclidean|-|-|-|FRONT|20|400|NSGAII/results/AGRICULTURAL_NSGAII_131225_12012417349170533061662061_8_Front
29.187477159215504,74.82863703168066,outputExpAgricultural_Both/exp12/agricultural|KMeans|25|1000|Euclidean|-|-|-|FRONT|20|400|NSGAII/results/AGRICULTURAL_NSGAII_131225_12012417349170533061662061_8_Front
13.716652454622979,89.44991994139991,outputExpAgricultural_Both/exp12/agricultural|KMeans|25|1000|Euclidean|-|-|-|FRONT|20|400|NSGAII/results/AGRICULTURAL_NSGAII_131225_12012417349170533061662061_8_Front
40.077963211109754,58.920687987453576,outputExpAgricultural_Both/exp12/agricultural|KMeans|25|1000|Euclidean|-|-|-|FRONT|20|400|NSGAII/results/AGRICULTURAL_NSGAII_131225_12012417349170533061662061_8_Front
48.921914971372885,48.430992304044246,outputExpAgricultural_Both/exp12/agricultural|KMeans|25|1000|Euclidean|-|-|-|FRONT|20|400|NSGAII/results/AGRICULTURAL_NSGAII_131225_12012417349170533061662061_8_Front
12.620294798392012,89.72460780677001,outputExpAgricultural_Both/exp12/agricultural|KMeans|25|1000|Euclidean|-|-|-|FRONT|20|400|NSGAII/results/AGRICULTURAL_NSGAII_131225_12012417349170533061662061_8_Front
6.614691192593497,96.40774009362866,outputExpAgricultural_Both/exp12/agricultural|KMeans|25|1000|Euclidean|-|-|-|FRONT|20|400|NSGAII/results/AGRICULTURAL_NSGAII_131225_12012417349170533061662061_8_Front
23.340236325983675,77.78437237344401,outputExpAgricultural_Both/exp12/agricultural|KMeans|25|1000|Euclidean|-|-|-|FRONT|20|400|NSGAII/results/AGRICULTURAL_NSGAII_131225_12012417349170533061662061_8_Front
19.368985260080404,83.21699402260421,outputExpAgricultural_Both/exp12/agricultural|KMeans|25|1000|Euclidean|-|-|-|FRONT|20|400|NSGAII/results/AGRICULTURAL_NSGAII_131225_12012417349170533061662061_8_Front
0.0,100.0,outputExpAgricultural_Both/exp12/agricultural|KMeans|25|1000|Euclidean|-|-|-|FRONT|20|400|NSGAII/results/AGRICULTURAL_NSGAII_131225_12013412997703508229262253_9_Front
78.47484468266536,42.92643530279054,outputExpAgricultural_Both/exp12/agricultural|KMeans|25|1000|Euclidean|-|-|-|FRONT|20|400|NSGAII/results/AGRICULTURAL_NSGAII_131225_12013412997703508229262253_9_Front
78.21902789621149,43.429982767445026,outputExpAgricultural_Both/exp12/agricultural|KMeans|25|1000|Euclidean|-|-|-|FRONT|20|400|NSGAII/results/AGRICULTURAL_NSGAII_131225_12013412997703508229262253_9_Front
59.909855037154344,44.950485751447395,outputExpAgricultural_Both/exp12/agricultural|KMeans|25|1000|Euclidean|-|-|-|FRONT|20|400|NSGAII/results/AGRICULTURAL_NSGAII_131225_12013412997703508229262253_9_Front
50.26190766232184,45.16995431259949,outputExpAgricultural_Both/exp12/agricultural|KMeans|25|1000|Euclidean|-|-|-|FRONT|20|400|NSGAII/results/AGRICULTURAL_NSGAII_131225_12013412997703508229262253_9_Front
13.716652454622979,89.44991994139991,outputExpAgricultural_Both/exp12/agricultural|KMeans|25|1000|Euclidean|-|-|-|FRONT|20|400|NSGAII/results/AGRICULTURAL_NSGAII_131225_12013412997703508229262253_9_Front
48.921914971372885,48.430992304044246,outputExpAgricultural_Both/exp12/agricultural|KMeans|25|1000|Euclidean|-|-|-|FRONT|20|400|NSGAII/results/AGRICULTURAL_NSGAII_131225_12013412997703508229262253_9_Front
6.614691192593497,96.40774009362866,outputExpAgricultural_Both/exp12/agricultural|KMeans|25|1000|Euclidean|-|-|-|FRONT|20|400|NSGAII/results/AGRICULTURAL_NSGAII_131225_12013412997703508229262253_9_Front
40.077963211109754,58.920687987453576,outputExpAgricultural_Both/exp12/agricultural|KMeans|25|1000|Euclidean|-|-|-|FRONT|20|400|NSGAII/results/AGRICULTURAL_NSGAII_131225_12013412997703508229262253_9_Front
19.368985260080404,83.21699402260421,outputExpAgricultural_Both/exp12/agricultural|KMeans|25|1000|Euclidean|-|-|-|FRONT|20|400|NSGAII/results/AGRICULTURAL_NSGAII_131225_12013412997703508229262253_9_Front
9.35558533317091,94.86638900497256,outputExpAgricultural_Both/exp12/agricultural|KMeans|25|1000|Euclidean|-|-|-|FRONT|20|400|NSGAII/results/AGRICULTURAL_NSGAII_131225_12013412997703508229262253_9_Front
29.187477159215504,74.82863703168066,outputExpAgricultural_Both/exp12/agricultural|KMeans|25|1000|Euclidean|-|-|-|FRONT|20|400|NSGAII/results/AGRICULTURAL_NSGAII_131225_12013412997703508229262253_9_Front
34.839809964672924,61.624273955364394,outputExpAgricultural_Both/exp12/agricultural|KMeans|25|1000|Euclidean|-|-|-|FRONT|20|400|NSGAII/results/AGRICULTURAL_NSGAII_131225_12013412997703508229262253_9_Front
23.254964063832375,77.83423878592657,outputExpAgricultural_Both/exp12/agricultural|KMeans|25|1000|Euclidean|-|-|-|FRONT|20|400|NSGAII/results/AGRICULTURAL_NSGAII_131225_12013412997703508229262253_9_Front
31.160920940431243,66.22531917790853,outputExpAgricultural_Both/exp12/agricultural|KMeans|25|1000|Euclidean|-|-|-|FRONT|20|400|NSGAII/results/AGRICULTURAL_NSGAII_131225_12013412997703508229262253_9_Front
0.0,100.0,outputExpAgricultural_Both/exp12/agricultural|KMeans|25|1000|Euclidean|-|-|-|FRONT|20|400|NSGAII/results/AGRICULTURAL_NSGAII_131225_1202025801968158473889737_10_Front
75.39286149348277,24.829059628396628,outputExpAgricultural_Both/exp12/agricultural|KMeans|25|1000|Euclidean|-|-|-|FRONT|20|400|NSGAII/results/AGRICULTURAL_NSGAII_131225_1202025801968158473889737_10_Front
59.909855037154344,44.950485751447395,outputExpAgricultural_Both/exp12/agricultural|KMeans|25|1000|Euclidean|-|-|-|FRONT|20|400|NSGAII/results/AGRICULTURAL_NSGAII_131225_1202025801968158473889737_10_Front
13.716652454622979,89.44991994139991,outputExpAgricultural_Both/exp12/agricultural|KMeans|25|1000|Euclidean|-|-|-|FRONT|20|400|NSGAII/results/AGRICULTURAL_NSGAII_131225_1202025801968158473889737_10_Front
48.921914971372885,48.430992304044246,outputExpAgricultural_Both/exp12/agricultural|KMeans|25|1000|Euclidean|-|-|-|FRONT|20|400|NSGAII/results/AGRICULTURAL_NSGAII_131225_1202025801968158473889737_10_Front
6.529418930442196,93.15919218289986,outputExpAgricultural_Both/exp12/agricultural|KMeans|25|1000|Euclidean|-|-|-|FRONT|20|400|NSGAII/results/AGRICULTURAL_NSGAII_131225_1202025801968158473889737_10_Front
19.064441466682908,82.51191487963035,outputExpAgricultural_Both/exp12/agricultural|KMeans|25|1000|Euclidean|-|-|-|FRONT|20|400|NSGAII/results/AGRICULTURAL_NSGAII_131225_1202025801968158473889737_10_Front
50.26190766232184,45.16995431259949,outputExpAgricultural_Both/exp12/agricultural|KMeans|25|1000|Euclidean|-|-|-|FRONT|20|400|NSGAII/results/AGRICULTURAL_NSGAII_131225_1202025801968158473889737_10_Front
40.077963211109754,58.920687987453576,outputExpAgricultural_Both/exp12/agricultural|KMeans|25|1000|Euclidean|-|-|-|FRONT|20|400|NSGAII/results/AGRICULTURAL_NSGAII_131225_1202025801968158473889737_10_Front
2.265805822877324,98.28932849381833,outputExpAgricultural_Both/exp12/agricultural|KMeans|25|1000|Euclidean|-|-|-|FRONT|20|400|NSGAII/results/AGRICULTURAL_NSGAII_131225_1202025801968158473889737_10_Front
29.187477159215504,74.82863703168066,outputExpAgricultural_Both/exp12/agricultural|KMeans|25|1000|Euclidean|-|-|-|FRONT|20|400|NSGAII/results/AGRICULTURAL_NSGAII_131225_1202025801968158473889737_10_Front
26.42221951516628,77.54086275467321,outputExpAgricultural_Both/exp12/agricultural|KMeans|25|1000|Euclidean|-|-|-|FRONT|20|400|NSGAII/results/AGRICULTURAL_NSGAII_131225_1202025801968158473889737_10_Front
34.839809964672924,61.624273955364394,outputExpAgricultural_Both/exp12/agricultural|KMeans|25|1000|Euclidean|-|-|-|FRONT|20|400|NSGAII/results/AGRICULTURAL_NSGAII_131225_1202025801968158473889737_10_Front
31.075648678279936,66.27678206687358,outputExpAgricultural_Both/exp12/agricultural|KMeans|25|1000|Euclidean|-|-|-|FRONT|20|400|NSGAII/results/AGRICULTURAL_NSGAII_131225_1202025801968158473889737_10_Front
35.77780484833718,61.30018922941836,outputExpAgricultural_Both/exp12/agricultural|KMeans|25|1000|Euclidean|-|-|-|FRONT|20|400|NSGAII/results/AGRICULTURAL_NSGAII_131225_1202025801968158473889737_10_Front
31.160920940431243,66.22531917790853,outputExpAgricultural_Both/exp12/agricultural|KMeans|25|1000|Euclidean|-|-|-|FRONT|20|400|NSGAII/results/AGRICULTURAL_NSGAII_131225_1202025801968158473889737_10_Front
0.0,100.0,outputExpAgricultural_Both/exp12/agricultural|KMeans|25|1000|Euclidean|-|-|-|FRONT|20|400|NSGAII/results/AGRICULTURAL_NSGAII_131225_1203542668431112166231283_11_Front
75.39286149348277,24.829059628396628,outputExpAgricultural_Both/exp12/agricultural|KMeans|25|1000|Euclidean|-|-|-|FRONT|20|400|NSGAII/results/AGRICULTURAL_NSGAII_131225_1203542668431112166231283_11_Front
59.909855037154344,44.950485751447395,outputExpAgricultural_Both/exp12/agricultural|KMeans|25|1000|Euclidean|-|-|-|FRONT|20|400|NSGAII/results/AGRICULTURAL_NSGAII_131225_1203542668431112166231283_11_Front
48.921914971372885,48.430992304044246,outputExpAgricultural_Both/exp12/agricultural|KMeans|25|1000|Euclidean|-|-|-|FRONT|20|400|NSGAII/results/AGRICULTURAL_NSGAII_131225_1203542668431112166231283_11_Front
13.716652454622979,89.44991994139991,outputExpAgricultural_Both/exp12/agricultural|KMeans|25|1000|Euclidean|-|-|-|FRONT|20|400|NSGAII/results/AGRICULTURAL_NSGAII_131225_1203542668431112166231283_11_Front
40.260689487148255,58.746202498955256,outputExpAgricultural_Both/exp12/agricultural|KMeans|25|1000|Euclidean|-|-|-|FRONT|20|400|NSGAII/results/AGRICULTURAL_NSGAII_131225_1203542668431112166231283_11_Front
25.204044341576314,75.68848048307501,outputExpAgricultural_Both/exp12/agricultural|KMeans|25|1000|Euclidean|-|-|-|FRONT|20|400|NSGAII/results/AGRICULTURAL_NSGAII_131225_1203542668431112166231283_11_Front
50.26190766232184,45.16995431259949,outputExpAgricultural_Both/exp12/agricultural|KMeans|25|1000|Euclidean|-|-|-|FRONT|20|400|NSGAII/results/AGRICULTURAL_NSGAII_131225_1203542668431112166231283_11_Front
19.064441466682908,82.51191487963035,outputExpAgricultural_Both/exp12/agricultural|KMeans|25|1000|Euclidean|-|-|-|FRONT|20|400|NSGAII/results/AGRICULTURAL_NSGAII_131225_1203542668431112166231283_11_Front
29.187477159215504,74.82863703168066,outputExpAgricultural_Both/exp12/agricultural|KMeans|25|1000|Euclidean|-|-|-|FRONT|20|400|NSGAII/results/AGRICULTURAL_NSGAII_131225_1203542668431112166231283_11_Front
1.9125350225362463,97.6704590808991,outputExpAgricultural_Both/exp12/agricultural|KMeans|25|1000|Euclidean|-|-|-|FRONT|20|400|NSGAII/results/AGRICULTURAL_NSGAII_131225_1203542668431112166231283_11_Front
6.529418930442196,93.15919218289986,outputExpAgricultural_Both/exp12/agricultural|KMeans|25|1000|Euclidean|-|-|-|FRONT|20|400|NSGAII/results/AGRICULTURAL_NSGAII_131225_1203542668431112166231283_11_Front
18.284809355585335,83.74833896013035,outputExpAgricultural_Both/exp12/agricultural|KMeans|25|1000|Euclidean|-|-|-|FRONT|20|400|NSGAII/results/AGRICULTURAL_NSGAII_131225_1203542668431112166231283_11_Front
31.075648678279936,66.27678206687358,outputExpAgricultural_Both/exp12/agricultural|KMeans|25|1000|Euclidean|-|-|-|FRONT|20|400|NSGAII/results/AGRICULTURAL_NSGAII_131225_1203542668431112166231283_11_Front
0.0,100.0,outputExpAgricultural_Both/exp12/agricultural|KMeans|25|1000|Euclidean|-|-|-|FRONT|20|400|NSGAII/results/AGRICULTURAL_NSGAII_131225_1205068231787013240909452_12_Front
78.15811913753198,23.283200841437008,outputExpAgricultural_Both/exp12/agricultural|KMeans|25|1000|Euclidean|-|-|-|FRONT|20|400|NSGAII/results/AGRICULTURAL_NSGAII_131225_1205068231787013240909452_12_Front
40.260689487148255,58.746202498955256,outputExpAgricultural_Both/exp12/agricultural|KMeans|25|1000|Euclidean|-|-|-|FRONT|20|400|NSGAII/results/AGRICULTURAL_NSGAII_131225_1205068231787013240909452_12_Front
63.60092581313194,42.98090332395796,outputExpAgricultural_Both/exp12/agricultural|KMeans|25|1000|Euclidean|-|-|-|FRONT|20|400|NSGAII/results/AGRICULTURAL_NSGAII_131225_1205068231787013240909452_12_Front
31.075648678279936,66.27678206687358,outputExpAgricultural_Both/exp12/agricultural|KMeans|25|1000|Euclidean|-|-|-|FRONT|20|400|NSGAII/results/AGRICULTURAL_NSGAII_131225_1205068231787013240909452_12_Front
48.921914971372885,48.430992304044246,outputExpAgricultural_Both/exp12/agricultural|KMeans|25|1000|Euclidean|-|-|-|FRONT|20|400|NSGAII/results/AGRICULTURAL_NSGAII_131225_1205068231787013240909452_12_Front
13.716652454622979,89.44991994139991,outputExpAgricultural_Both/exp12/agricultural|KMeans|25|1000|Euclidean|-|-|-|FRONT|20|400|NSGAII/results/AGRICULTURAL_NSGAII_131225_1205068231787013240909452_12_Front
75.39286149348277,24.829059628396628,outputExpAgricultural_Both/exp12/agricultural|KMeans|25|1000|Euclidean|-|-|-|FRONT|20|400|NSGAII/results/AGRICULTURAL_NSGAII_131225_1205068231787013240909452_12_Front
50.26190766232184,45.16995431259949,outputExpAgricultural_Both/exp12/agricultural|KMeans|25|1000|Euclidean|-|-|-|FRONT|20|400|NSGAII/results/AGRICULTURAL_NSGAII_131225_1205068231787013240909452_12_Front
59.909855037154344,44.950485751447395,outputExpAgricultural_Both/exp12/agricultural|KMeans|25|1000|Euclidean|-|-|-|FRONT|20|400|NSGAII/results/AGRICULTURAL_NSGAII_131225_1205068231787013240909452_12_Front
18.284809355585335,83.74833896013035,outputExpAgricultural_Both/exp12/agricultural|KMeans|25|1000|Euclidean|-|-|-|FRONT|20|400|NSGAII/results/AGRICULTURAL_NSGAII_131225_1205068231787013240909452_12_Front
6.870507979047388,92.87173250566983,outputExpAgricultural_Both/exp12/agricultural|KMeans|25|1000|Euclidean|-|-|-|FRONT|20|400|NSGAII/results/AGRICULTURAL_NSGAII_131225_1205068231787013240909452_12_Front
5.835059081495926,93.99781188811517,outputExpAgricultural_Both/exp12/agricultural|KMeans|25|1000|Euclidean|-|-|-|FRONT|20|400|NSGAII/results/AGRICULTURAL_NSGAII_131225_1205068231787013240909452_12_Front
19.064441466682908,82.51191487963035,outputExpAgricultural_Both/exp12/agricultural|KMeans|25|1000|Euclidean|-|-|-|FRONT|20|400|NSGAII/results/AGRICULTURAL_NSGAII_131225_1205068231787013240909452_12_Front
22.207333414545012,78.37027924251885,outputExpAgricultural_Both/exp12/agricultural|KMeans|25|1000|Euclidean|-|-|-|FRONT|20|400|NSGAII/results/AGRICULTURAL_NSGAII_131225_1205068231787013240909452_12_Front
1.9125350225362463,97.6704590808991,outputExpAgricultural_Both/exp12/agricultural|KMeans|25|1000|Euclidean|-|-|-|FRONT|20|400|NSGAII/results/AGRICULTURAL_NSGAII_131225_1205068231787013240909452_12_Front
0.0,100.0,outputExpAgricultural_Both/exp12/agricultural|KMeans|25|1000|Euclidean|-|-|-|FRONT|20|400|NSGAII/results/AGRICULTURAL_NSGAII_131225_12055816447059941693677327_13_Front
83.59118041174321,8.421413445149293,outputExpAgricultural_Both/exp12/agricultural|KMeans|25|1000|Euclidean|-|-|-|FRONT|20|400|NSGAII/results/AGRICULTURAL_NSGAII_131225_12055816447059941693677327_13_Front
31.075648678279936,66.27678206687358,outputExpAgricultural_Both/exp12/agricultural|KMeans|25|1000|Euclidean|-|-|-|FRONT|20|400|NSGAII/results/AGRICULTURAL_NSGAII_131225_12055816447059941693677327_13_Front
63.94201486173711,42.446177612704204,outputExpAgricultural_Both/exp12/agricultural|KMeans|25|1000|Euclidean|-|-|-|FRONT|20|400|NSGAII/results/AGRICULTURAL_NSGAII_131225_12055816447059941693677327_13_Front
78.15811913753198,23.283200841437008,outputExpAgricultural_Both/exp12/agricultural|KMeans|25|1000|Euclidean|-|-|-|FRONT|20|400|NSGAII/results/AGRICULTURAL_NSGAII_131225_12055816447059941693677327_13_Front
40.077963211109754,58.92331747813061,outputExpAgricultural_Both/exp12/agricultural|KMeans|25|1000|Euclidean|-|-|-|FRONT|20|400|NSGAII/results/AGRICULTURAL_NSGAII_131225_12055816447059941693677327_13_Front
50.26190766232184,45.16995431259949,outputExpAgricultural_Both/exp12/agricultural|KMeans|25|1000|Euclidean|-|-|-|FRONT|20|400|NSGAII/results/AGRICULTURAL_NSGAII_131225_12055816447059941693677327_13_Front
75.39286149348277,24.829059628396628,outputExpAgricultural_Both/exp12/agricultural|KMeans|25|1000|Euclidean|-|-|-|FRONT|20|400|NSGAII/results/AGRICULTURAL_NSGAII_131225_12055816447059941693677327_13_Front
22.207333414545012,78.37027924251885,outputExpAgricultural_Both/exp12/agricultural|KMeans|25|1000|Euclidean|-|-|-|FRONT|20|400|NSGAII/results/AGRICULTURAL_NSGAII_131225_12055816447059941693677327_13_Front
6.870507979047388,92.87173250566983,outputExpAgricultural_Both/exp12/agricultural|KMeans|25|1000|Euclidean|-|-|-|FRONT|20|400|NSGAII/results/AGRICULTURAL_NSGAII_131225_12055816447059941693677327_13_Front
48.921914971372885,48.430992304044246,outputExpAgricultural_Both/exp12/agricultural|KMeans|25|1000|Euclidean|-|-|-|FRONT|20|400|NSGAII/results/AGRICULTURAL_NSGAII_131225_12055816447059941693677327_13_Front
59.909855037154344,44.950485751447395,outputExpAgricultural_Both/exp12/agricultural|KMeans|25|1000|Euclidean|-|-|-|FRONT|20|400|NSGAII/results/AGRICULTURAL_NSGAII_131225_12055816447059941693677327_13_Front
13.716652454622979,89.44991994139991,outputExpAgricultural_Both/exp12/agricultural|KMeans|25|1000|Euclidean|-|-|-|FRONT|20|400|NSGAII/results/AGRICULTURAL_NSGAII_131225_12055816447059941693677327_13_Front
18.284809355585335,83.74833896013035,outputExpAgricultural_Both/exp12/agricultural|KMeans|25|1000|Euclidean|-|-|-|FRONT|20|400|NSGAII/results/AGRICULTURAL_NSGAII_131225_12055816447059941693677327_13_Front
40.260689487148255,58.746202498955256,outputExpAgricultural_Both/exp12/agricultural|KMeans|25|1000|Euclidean|-|-|-|FRONT|20|400|NSGAII/results/AGRICULTURAL_NSGAII_131225_12055816447059941693677327_13_Front
0.0,100.0,outputExpAgricultural_Both/exp12/agricultural|KMeans|25|1000|Euclidean|-|-|-|FRONT|20|400|NSGAII/results/AGRICULTURAL_NSGAII_131225_1206169904685502827781929_14_Front
83.59118041174321,8.421413445149293,outputExpAgricultural_Both/exp12/agricultural|KMeans|25|1000|Euclidean|-|-|-|FRONT|20|400|NSGAII/results/AGRICULTURAL_NSGAII_131225_1206169904685502827781929_14_Front
67.31636009258132,32.4747733238171,outputExpAgricultural_Both/exp12/agricultural|KMeans|25|1000|Euclidean|-|-|-|FRONT|20|400|NSGAII/results/AGRICULTURAL_NSGAII_131225_1206169904685502827781929_14_Front
31.075648678279936,66.27678206687358,outputExpAgricultural_Both/exp12/agricultural|KMeans|25|1000|Euclidean|-|-|-|FRONT|20|400|NSGAII/results/AGRICULTURAL_NSGAII_131225_1206169904685502827781929_14_Front
63.94201486173711,42.446177612704204,outputExpAgricultural_Both/exp12/agricultural|KMeans|25|1000|Euclidean|-|-|-|FRONT|20|400|NSGAII/results/AGRICULTURAL_NSGAII_131225_1206169904685502827781929_14_Front
53.98952369350714,42.613244181077995,outputExpAgricultural_Both/exp12/agricultural|KMeans|25|1000|Euclidean|-|-|-|FRONT|20|400|NSGAII/results/AGRICULTURAL_NSGAII_131225_1206169904685502827781929_14_Front
18.284809355585335,83.74833896013035,outputExpAgricultural_Both/exp12/agricultural|KMeans|25|1000|Euclidean|-|-|-|FRONT|20|400|NSGAII/results/AGRICULTURAL_NSGAII_131225_1206169904685502827781929_14_Front
45.705932513095384,53.05880198526545,outputExpAgricultural_Both/exp12/agricultural|KMeans|25|1000|Euclidean|-|-|-|FRONT|20|400|NSGAII/results/AGRICULTURAL_NSGAII_131225_1206169904685502827781929_14_Front
34.912900475088314,61.57497100516976,outputExpAgricultural_Both/exp12/agricultural|KMeans|25|1000|Euclidean|-|-|-|FRONT|20|400|NSGAII/results/AGRICULTURAL_NSGAII_131225_1206169904685502827781929_14_Front
22.207333414545012,78.37027924251885,outputExpAgricultural_Both/exp12/agricultural|KMeans|25|1000|Euclidean|-|-|-|FRONT|20|400|NSGAII/results/AGRICULTURAL_NSGAII_131225_1206169904685502827781929_14_Front
0.986721890607869,98.91834022792048,outputExpAgricultural_Both/exp12/agricultural|KMeans|25|1000|Euclidean|-|-|-|FRONT|20|400|NSGAII/results/AGRICULTURAL_NSGAII_131225_1206169904685502827781929_14_Front
5.944694847119011,93.94850893792052,outputExpAgricultural_Both/exp12/agricultural|KMeans|25|1000|Euclidean|-|-|-|FRONT|20|400|NSGAII/results/AGRICULTURAL_NSGAII_131225_1206169904685502827781929_14_Front
48.921914971372885,48.430992304044246,outputExpAgricultural_Both/exp12/agricultural|KMeans|25|1000|Euclidean|-|-|-|FRONT|20|400|NSGAII/results/AGRICULTURAL_NSGAII_131225_1206169904685502827781929_14_Front
6.870507979047388,92.87173250566983,outputExpAgricultural_Both/exp12/agricultural|KMeans|25|1000|Euclidean|-|-|-|FRONT|20|400|NSGAII/results/AGRICULTURAL_NSGAII_131225_1206169904685502827781929_14_Front
13.716652454622979,89.44991994139991,outputExpAgricultural_Both/exp12/agricultural|KMeans|25|1000|Euclidean|-|-|-|FRONT|20|400|NSGAII/results/AGRICULTURAL_NSGAII_131225_1206169904685502827781929_14_Front
78.15811913753198,23.283200841437008,outputExpAgricultural_Both/exp12/agricultural|KMeans|25|1000|Euclidean|-|-|-|FRONT|20|400|NSGAII/results/AGRICULTURAL_NSGAII_131225_1206169904685502827781929_14_Front
0.0,100.0,outputExpAgricultural_Both/exp12/agricultural|KMeans|25|1000|Euclidean|-|-|-|FRONT|20|400|NSGAII/results/AGRICULTURAL_NSGAII_131225_1207359847469394815413440_15_Front
83.59118041174321,8.421413445149293,outputExpAgricultural_Both/exp12/agricultural|KMeans|25|1000|Euclidean|-|-|-|FRONT|20|400|NSGAII/results/AGRICULTURAL_NSGAII_131225_1207359847469394815413440_15_Front
67.31636009258132,32.4747733238171,outputExpAgricultural_Both/exp12/agricultural|KMeans|25|1000|Euclidean|-|-|-|FRONT|20|400|NSGAII/results/AGRICULTURAL_NSGAII_131225_1207359847469394815413440_15_Front
31.075648678279936,66.27678206687358,outputExpAgricultural_Both/exp12/agricultural|KMeans|25|1000|Euclidean|-|-|-|FRONT|20|400|NSGAII/results/AGRICULTURAL_NSGAII_131225_1207359847469394815413440_15_Front
78.15811913753198,23.283200841437008,outputExpAgricultural_Both/exp12/agricultural|KMeans|25|1000|Euclidean|-|-|-|FRONT|20|400|NSGAII/results/AGRICULTURAL_NSGAII_131225_1207359847469394815413440_15_Front
63.94201486173711,42.446177612704204,outputExpAgricultural_Both/exp12/agricultural|KMeans|25|1000|Euclidean|-|-|-|FRONT|20|400|NSGAII/results/AGRICULTURAL_NSGAII_131225_1207359847469394815413440_15_Front
53.98952369350714,42.613244181077995,outputExpAgricultural_Both/exp12/agricultural|KMeans|25|1000|Euclidean|-|-|-|FRONT|20|400|NSGAII/results/AGRICULTURAL_NSGAII_131225_1207359847469394815413440_15_Front
45.705932513095384,53.05880198526545,outputExpAgricultural_Both/exp12/agricultural|KMeans|25|1000|Euclidean|-|-|-|FRONT|20|400|NSGAII/results/AGRICULTURAL_NSGAII_131225_1207359847469394815413440_15_Front
39.35923985869169,59.070287224901286,outputExpAgricultural_Both/exp12/agricultural|KMeans|25|1000|Euclidean|-|-|-|FRONT|20|400|NSGAII/results/AGRICULTURAL_NSGAII_131225_1207359847469394815413440_15_Front
48.921914971372885,48.430992304044246,outputExpAgricultural_Both/exp12/agricultural|KMeans|25|1000|Euclidean|-|-|-|FRONT|20|400|NSGAII/results/AGRICULTURAL_NSGAII_131225_1207359847469394815413440_15_Front
34.912900475088314,61.57497100516976,outputExpAgricultural_Both/exp12/agricultural|KMeans|25|1000|Euclidean|-|-|-|FRONT|20|400|NSGAII/results/AGRICULTURAL_NSGAII_131225_1207359847469394815413440_15_Front
5.579242295042022,93.52863562302493,outputExpAgricultural_Both/exp12/agricultural|KMeans|25|1000|Euclidean|-|-|-|FRONT|20|400|NSGAII/results/AGRICULTURAL_NSGAII_131225_1207359847469394815413440_15_Front
24.30259471311975,77.52555536251754,outputExpAgricultural_Both/exp12/agricultural|KMeans|25|1000|Euclidean|-|-|-|FRONT|20|400|NSGAII/results/AGRICULTURAL_NSGAII_131225_1207359847469394815413440_15_Front
0.986721890607869,98.91834022792048,outputExpAgricultural_Both/exp12/agricultural|KMeans|25|1000|Euclidean|-|-|-|FRONT|20|400|NSGAII/results/AGRICULTURAL_NSGAII_131225_1207359847469394815413440_15_Front
18.284809355585335,83.74833896013035,outputExpAgricultural_Both/exp12/agricultural|KMeans|25|1000|Euclidean|-|-|-|FRONT|20|400|NSGAII/results/AGRICULTURAL_NSGAII_131225_1207359847469394815413440_15_Front
11.38993787306615,90.3510839605764,outputExpAgricultural_Both/exp12/agricultural|KMeans|25|1000|Euclidean|-|-|-|FRONT|20|400|NSGAII/results/AGRICULTURAL_NSGAII_131225_1207359847469394815413440_15_Front
0.0,100.0,outputExpAgricultural_Both/exp12/agricultural|KMeans|25|1000|Euclidean|-|-|-|FRONT|20|400|NSGAII/results/AGRICULTURAL_NSGAII_131225_1210002529009099073786069_16_Front
83.59118041174321,8.421413445149293,outputExpAgricultural_Both/exp12/agricultural|KMeans|25|1000|Euclidean|-|-|-|FRONT|20|400|NSGAII/results/AGRICULTURAL_NSGAII_131225_1210002529009099073786069_16_Front
61.78584480448288,32.0350849184623,outputExpAgricultural_Both/exp12/agricultural|KMeans|25|1000|Euclidean|-|-|-|FRONT|20|400|NSGAII/results/AGRICULTURAL_NSGAII_131225_1210002529009099073786069_16_Front
53.98952369350714,42.613244181077995,outputExpAgricultural_Both/exp12/agricultural|KMeans|25|1000|Euclidean|-|-|-|FRONT|20|400|NSGAII/results/AGRICULTURAL_NSGAII_131225_1210002529009099073786069_16_Front
31.075648678279936,66.27678206687358,outputExpAgricultural_Both/exp12/agricultural|KMeans|25|1000|Euclidean|-|-|-|FRONT|20|400|NSGAII/results/AGRICULTURAL_NSGAII_131225_1210002529009099073786069_16_Front
18.284809355585335,83.74833896013035,outputExpAgricultural_Both/exp12/agricultural|KMeans|25|1000|Euclidean|-|-|-|FRONT|20|400|NSGAII/results/AGRICULTURAL_NSGAII_131225_1210002529009099073786069_16_Front
73.35850895358755,29.309430010940552,outputExpAgricultural_Both/exp12/agricultural|KMeans|25|1000|Euclidean|-|-|-|FRONT|20|400|NSGAII/results/AGRICULTURAL_NSGAII_131225_1210002529009099073786069_16_Front
24.30259471311975,77.52555536251754,outputExpAgricultural_Both/exp12/agricultural|KMeans|25|1000|Euclidean|-|-|-|FRONT|20|400|NSGAII/results/AGRICULTURAL_NSGAII_131225_1210002529009099073786069_16_Front
48.921914971372885,48.430992304044246,outputExpAgricultural_Both/exp12/agricultural|KMeans|25|1000|Euclidean|-|-|-|FRONT|20|400|NSGAII/results/AGRICULTURAL_NSGAII_131225_1210002529009099073786069_16_Front
5.579242295042022,93.52863562302493,outputExpAgricultural_Both/exp12/agricultural|KMeans|25|1000|Euclidean|-|-|-|FRONT|20|400|NSGAII/results/AGRICULTURAL_NSGAII_131225_1210002529009099073786069_16_Front
39.35923985869169,59.070287224901286,outputExpAgricultural_Both/exp12/agricultural|KMeans|25|1000|Euclidean|-|-|-|FRONT|20|400|NSGAII/results/AGRICULTURAL_NSGAII_131225_1210002529009099073786069_16_Front
78.15811913753198,23.283200841437008,outputExpAgricultural_Both/exp12/agricultural|KMeans|25|1000|Euclidean|-|-|-|FRONT|20|400|NSGAII/results/AGRICULTURAL_NSGAII_131225_1210002529009099073786069_16_Front
13.716652454622979,89.44991994139991,outputExpAgricultural_Both/exp12/agricultural|KMeans|25|1000|Euclidean|-|-|-|FRONT|20|400|NSGAII/results/AGRICULTURAL_NSGAII_131225_1210002529009099073786069_16_Front
44.15885004263614,55.295935089144436,outputExpAgricultural_Both/exp12/agricultural|KMeans|25|1000|Euclidean|-|-|-|FRONT|20|400|NSGAII/results/AGRICULTURAL_NSGAII_131225_1210002529009099073786069_16_Front
23.29150931904008,78.04619451657284,outputExpAgricultural_Both/exp12/agricultural|KMeans|25|1000|Euclidean|-|-|-|FRONT|20|400|NSGAII/results/AGRICULTURAL_NSGAII_131225_1210002529009099073786069_16_Front
45.705932513095384,53.05880198526545,outputExpAgricultural_Both/exp12/agricultural|KMeans|25|1000|Euclidean|-|-|-|FRONT|20|400|NSGAII/results/AGRICULTURAL_NSGAII_131225_1210002529009099073786069_16_Front
0.0,100.0,outputExpAgricultural_Both/exp12/agricultural|KMeans|25|1000|Euclidean|-|-|-|FRONT|20|400|NSGAII/results/AGRICULTURAL_NSGAII_131225_12111417459479041838037063_17_Front
83.59118041174321,8.421413445149293,outputExpAgricultural_Both/exp12/agricultural|KMeans|25|1000|Euclidean|-|-|-|FRONT|20|400|NSGAII/results/AGRICULTURAL_NSGAII_131225_12111417459479041838037063_17_Front
61.78584480448288,32.0350849184623,outputExpAgricultural_Both/exp12/agricultural|KMeans|25|1000|Euclidean|-|-|-|FRONT|20|400|NSGAII/results/AGRICULTURAL_NSGAII_131225_12111417459479041838037063_17_Front
78.15811913753198,23.283200841437008,outputExpAgricultural_Both/exp12/agricultural|KMeans|25|1000|Euclidean|-|-|-|FRONT|20|400|NSGAII/results/AGRICULTURAL_NSGAII_131225_12111417459479041838037063_17_Front
53.98952369350714,42.613244181077995,outputExpAgricultural_Both/exp12/agricultural|KMeans|25|1000|Euclidean|-|-|-|FRONT|20|400|NSGAII/results/AGRICULTURAL_NSGAII_131225_12111417459479041838037063_17_Front
30.454379339749053,67.47338814569255,outputExpAgricultural_Both/exp12/agricultural|KMeans|25|1000|Euclidean|-|-|-|FRONT|20|400|NSGAII/results/AGRICULTURAL_NSGAII_131225_12111417459479041838037063_17_Front
24.30259471311975,77.52555536251754,outputExpAgricultural_Both/exp12/agricultural|KMeans|25|1000|Euclidean|-|-|-|FRONT|20|400|NSGAII/results/AGRICULTURAL_NSGAII_131225_12111417459479041838037063_17_Front
73.01741990498233,30.513455009884073,outputExpAgricultural_Both/exp12/agricultural|KMeans|25|1000|Euclidean|-|-|-|FRONT|20|400|NSGAII/results/AGRICULTURAL_NSGAII_131225_12111417459479041838037063_17_Front
35.11999025459861,61.38142170926284,outputExpAgricultural_Both/exp12/agricultural|KMeans|25|1000|Euclidean|-|-|-|FRONT|20|400|NSGAII/results/AGRICULTURAL_NSGAII_131225_12111417459479041838037063_17_Front
5.579242295042022,93.52863562302493,outputExpAgricultural_Both/exp12/agricultural|KMeans|25|1000|Euclidean|-|-|-|FRONT|20|400|NSGAII/results/AGRICULTURAL_NSGAII_131225_12111417459479041838037063_17_Front
73.35850895358755,29.309430010940552,outputExpAgricultural_Both/exp12/agricultural|KMeans|25|1000|Euclidean|-|-|-|FRONT|20|400|NSGAII/results/AGRICULTURAL_NSGAII_131225_12111417459479041838037063_17_Front
1.2181751735899633,99.7142307096338,outputExpAgricultural_Both/exp12/agricultural|KMeans|25|1000|Euclidean|-|-|-|FRONT|20|400|NSGAII/results/AGRICULTURAL_NSGAII_131225_12111417459479041838037063_17_Front
13.716652454622979,89.44991994139991,outputExpAgricultural_Both/exp12/agricultural|KMeans|25|1000|Euclidean|-|-|-|FRONT|20|400|NSGAII/results/AGRICULTURAL_NSGAII_131225_12111417459479041838037063_17_Front
8.027774393957847,92.5972324610624,outputExpAgricultural_Both/exp12/agricultural|KMeans|25|1000|Euclidean|-|-|-|FRONT|20|400|NSGAII/results/AGRICULTURAL_NSGAII_131225_12111417459479041838037063_17_Front
31.075648678279936,66.27678206687358,outputExpAgricultural_Both/exp12/agricultural|KMeans|25|1000|Euclidean|-|-|-|FRONT|20|400|NSGAII/results/AGRICULTURAL_NSGAII_131225_12111417459479041838037063_17_Front
18.272627603849436,83.7599838474144,outputExpAgricultural_Both/exp12/agricultural|KMeans|25|1000|Euclidean|-|-|-|FRONT|20|400|NSGAII/results/AGRICULTURAL_NSGAII_131225_12111417459479041838037063_17_Front
0.0,100.0,outputExpAgricultural_Both/exp12/agricultural|KMeans|25|1000|Euclidean|-|-|-|FRONT|20|400|NSGAII/results/AGRICULTURAL_NSGAII_131225_1211573700545497524089428_18_Front
85.41844317212816,7.212035554470378,outputExpAgricultural_Both/exp12/agricultural|KMeans|25|1000|Euclidean|-|-|-|FRONT|20|400|NSGAII/results/AGRICULTURAL_NSGAII_131225_1211573700545497524089428_18_Front
53.98952369350714,42.613244181077995,outputExpAgricultural_Both/exp12/agricultural|KMeans|25|1000|Euclidean|-|-|-|FRONT|20|400|NSGAII/results/AGRICULTURAL_NSGAII_131225_1211573700545497524089428_18_Front
61.78584480448288,32.0350849184623,outputExpAgricultural_Both/exp12/agricultural|KMeans|25|1000|Euclidean|-|-|-|FRONT|20|400|NSGAII/results/AGRICULTURAL_NSGAII_131225_1211573700545497524089428_18_Front
78.15811913753198,23.283200841437008,outputExpAgricultural_Both/exp12/agricultural|KMeans|25|1000|Euclidean|-|-|-|FRONT|20|400|NSGAII/results/AGRICULTURAL_NSGAII_131225_1211573700545497524089428_18_Front
70.84906809599221,28.542839568200073,outputExpAgricultural_Both/exp12/agricultural|KMeans|25|1000|Euclidean|-|-|-|FRONT|20|400|NSGAII/results/AGRICULTURAL_NSGAII_131225_1211573700545497524089428_18_Front
45.93738579607748,53.981377571383625,outputExpAgricultural_Both/exp12/agricultural|KMeans|25|1000|Euclidean|-|-|-|FRONT|20|400|NSGAII/results/AGRICULTURAL_NSGAII_131225_1211573700545497524089428_18_Front
83.5668169082714,8.462640102550143,outputExpAgricultural_Both/exp12/agricultural|KMeans|25|1000|Euclidean|-|-|-|FRONT|20|400|NSGAII/results/AGRICULTURAL_NSGAII_131225_1211573700545497524089428_18_Front
44.15885004263614,55.295935089144436,outputExpAgricultural_Both/exp12/agricultural|KMeans|25|1000|Euclidean|-|-|-|FRONT|20|400|NSGAII/results/AGRICULTURAL_NSGAII_131225_1211573700545497524089428_18_Front
30.454379339749053,67.47338814569255,outputExpAgricultural_Both/exp12/agricultural|KMeans|25|1000|Euclidean|-|-|-|FRONT|20|400|NSGAII/results/AGRICULTURAL_NSGAII_131225_1211573700545497524089428_18_Front
35.98489462784749,61.10673384389278,outputExpAgricultural_Both/exp12/agricultural|KMeans|25|1000|Euclidean|-|-|-|FRONT|20|400|NSGAII/results/AGRICULTURAL_NSGAII_131225_1211573700545497524089428_18_Front
24.30259471311975,77.52555536251754,outputExpAgricultural_Both/exp12/agricultural|KMeans|25|1000|Euclidean|-|-|-|FRONT|20|400|NSGAII/results/AGRICULTURAL_NSGAII_131225_1211573700545497524089428_18_Front
19.3080765014009,83.47412064666689,outputExpAgricultural_Both/exp12/agricultural|KMeans|25|1000|Euclidean|-|-|-|FRONT|20|400|NSGAII/results/AGRICULTURAL_NSGAII_131225_1211573700545497524089428_18_Front
5.579242295042022,93.52863562302493,outputExpAgricultural_Both/exp12/agricultural|KMeans|25|1000|Euclidean|-|-|-|FRONT|20|400|NSGAII/results/AGRICULTURAL_NSGAII_131225_1211573700545497524089428_18_Front
0.986721890607869,98.91852804868314,outputExpAgricultural_Both/exp12/agricultural|KMeans|25|1000|Euclidean|-|-|-|FRONT|20|400|NSGAII/results/AGRICULTURAL_NSGAII_131225_1211573700545497524089428_18_Front
18.272627603849436,83.7599838474144,outputExpAgricultural_Both/exp12/agricultural|KMeans|25|1000|Euclidean|-|-|-|FRONT|20|400|NSGAII/results/AGRICULTURAL_NSGAII_131225_1211573700545497524089428_18_Front
0.0,100.0,outputExpAgricultural_Both/exp12/agricultural|KMeans|25|1000|Euclidean|-|-|-|FRONT|20|400|NSGAII/results/AGRICULTURAL_NSGAII_131225_12140016758049056058364380_19_Front
85.41844317212816,7.212035554470378,outputExpAgricultural_Both/exp12/agricultural|KMeans|25|1000|Euclidean|-|-|-|FRONT|20|400|NSGAII/results/AGRICULTURAL_NSGAII_131225_12140016758049056058364380_19_Front
78.15811913753198,23.283200841437008,outputExpAgricultural_Both/exp12/agricultural|KMeans|25|1000|Euclidean|-|-|-|FRONT|20|400|NSGAII/results/AGRICULTURAL_NSGAII_131225_12140016758049056058364380_19_Front
5.579242295042022,93.52863562302493,outputExpAgricultural_Both/exp12/agricultural|KMeans|25|1000|Euclidean|-|-|-|FRONT|20|400|NSGAII/results/AGRICULTURAL_NSGAII_131225_12140016758049056058364380_19_Front
35.98489462784749,61.10673384389278,outputExpAgricultural_Both/exp12/agricultural|KMeans|25|1000|Euclidean|-|-|-|FRONT|20|400|NSGAII/results/AGRICULTURAL_NSGAII_131225_12140016758049056058364380_19_Front
14.484102813984654,88.70718273551549,outputExpAgricultural_Both/exp12/agricultural|KMeans|25|1000|Euclidean|-|-|-|FRONT|20|400|NSGAII/results/AGRICULTURAL_NSGAII_131225_12140016758049056058364380_19_Front
83.5668169082714,8.462640102550143,outputExpAgricultural_Both/exp12/agricultural|KMeans|25|1000|Euclidean|-|-|-|FRONT|20|400|NSGAII/results/AGRICULTURAL_NSGAII_131225_12140016758049056058364380_19_Front
47.923011329029116,49.582145758302836,outputExpAgricultural_Both/exp12/agricultural|KMeans|25|1000|Euclidean|-|-|-|FRONT|20|400|NSGAII/results/AGRICULTURAL_NSGAII_131225_12140016758049056058364380_19_Front
61.091484955536615,32.99700895435486,outputExpAgricultural_Both/exp12/agricultural|KMeans|25|1000|Euclidean|-|-|-|FRONT|20|400|NSGAII/results/AGRICULTURAL_NSGAII_131225_12140016758049056058364380_19_Front
44.15885004263614,55.295935089144436,outputExpAgricultural_Both/exp12/agricultural|KMeans|25|1000|Euclidean|-|-|-|FRONT|20|400|NSGAII/results/AGRICULTURAL_NSGAII_131225_12140016758049056058364380_19_Front
53.98952369350714,42.613244181077995,outputExpAgricultural_Both/exp12/agricultural|KMeans|25|1000|Euclidean|-|-|-|FRONT|20|400|NSGAII/results/AGRICULTURAL_NSGAII_131225_12140016758049056058364380_19_Front
24.30259471311975,77.52555536251754,outputExpAgricultural_Both/exp12/agricultural|KMeans|25|1000|Euclidean|-|-|-|FRONT|20|400|NSGAII/results/AGRICULTURAL_NSGAII_131225_12140016758049056058364380_19_Front
71.1536118893897,27.99815935652606,outputExpAgricultural_Both/exp12/agricultural|KMeans|25|1000|Euclidean|-|-|-|FRONT|20|400|NSGAII/results/AGRICULTURAL_NSGAII_131225_12140016758049056058364380_19_Front
19.3080765014009,83.47412064666689,outputExpAgricultural_Both/exp12/agricultural|KMeans|25|1000|Euclidean|-|-|-|FRONT|20|400|NSGAII/results/AGRICULTURAL_NSGAII_131225_12140016758049056058364380_19_Front
61.78584480448288,32.0350849184623,outputExpAgricultural_Both/exp12/agricultural|KMeans|25|1000|Euclidean|-|-|-|FRONT|20|400|NSGAII/results/AGRICULTURAL_NSGAII_131225_12140016758049056058364380_19_Front
0.0,100.0,outputExpAgricultural_Both/exp12/agricultural|KMeans|25|1000|Euclidean|-|-|-|FRONT|20|400|NSGAII/results/AGRICULTURAL_NSGAII_131225_12155314233248536032187400_20_Front
85.41844317212816,7.212035554470378,outputExpAgricultural_Both/exp12/agricultural|KMeans|25|1000|Euclidean|-|-|-|FRONT|20|400|NSGAII/results/AGRICULTURAL_NSGAII_131225_12155314233248536032187400_20_Front
31.562918747715923,67.00693528166072,outputExpAgricultural_Both/exp12/agricultural|KMeans|25|1000|Euclidean|-|-|-|FRONT|20|400|NSGAII/results/AGRICULTURAL_NSGAII_131225_12155314233248536032187400_20_Front
5.579242295042022,93.52863562302493,outputExpAgricultural_Both/exp12/agricultural|KMeans|25|1000|Euclidean|-|-|-|FRONT|20|400|NSGAII/results/AGRICULTURAL_NSGAII_131225_12155314233248536032187400_20_Front
19.3080765014009,83.47412064666689,outputExpAgricultural_Both/exp12/agricultural|KMeans|25|1000|Euclidean|-|-|-|FRONT|20|400|NSGAII/results/AGRICULTURAL_NSGAII_131225_12155314233248536032187400_20_Front
78.15811913753198,23.283200841437008,outputExpAgricultural_Both/exp12/agricultural|KMeans|25|1000|Euclidean|-|-|-|FRONT|20|400|NSGAII/results/AGRICULTURAL_NSGAII_131225_12155314233248536032187400_20_Front
61.091484955536615,32.99700895435486,outputExpAgricultural_Both/exp12/agricultural|KMeans|25|1000|Euclidean|-|-|-|FRONT|20|400|NSGAII/results/AGRICULTURAL_NSGAII_131225_12155314233248536032187400_20_Front
35.98489462784749,61.10673384389278,outputExpAgricultural_Both/exp12/agricultural|KMeans|25|1000|Euclidean|-|-|-|FRONT|20|400|NSGAII/results/AGRICULTURAL_NSGAII_131225_12155314233248536032187400_20_Front
24.326958216591546,77.50977841845527,outputExpAgricultural_Both/exp12/agricultural|KMeans|25|1000|Euclidean|-|-|-|FRONT|20|400|NSGAII/results/AGRICULTURAL_NSGAII_131225_12155314233248536032187400_20_Front
61.78584480448288,32.0350849184623,outputExpAgricultural_Both/exp12/agricultural|KMeans|25|1000|Euclidean|-|-|-|FRONT|20|400|NSGAII/results/AGRICULTURAL_NSGAII_131225_12155314233248536032187400_20_Front
71.1536118893897,27.99815935652606,outputExpAgricultural_Both/exp12/agricultural|KMeans|25|1000|Euclidean|-|-|-|FRONT|20|400|NSGAII/results/AGRICULTURAL_NSGAII_131225_12155314233248536032187400_20_Front
13.716652454622979,89.44991994139991,outputExpAgricultural_Both/exp12/agricultural|KMeans|25|1000|Euclidean|-|-|-|FRONT|20|400|NSGAII/results/AGRICULTURAL_NSGAII_131225_12155314233248536032187400_20_Front
40.260689487148255,58.746202498955256,outputExpAgricultural_Both/exp12/agricultural|KMeans|25|1000|Euclidean|-|-|-|FRONT|20|400|NSGAII/results/AGRICULTURAL_NSGAII_131225_12155314233248536032187400_20_Front
53.98952369350714,42.613244181077995,outputExpAgricultural_Both/exp12/agricultural|KMeans|25|1000|Euclidean|-|-|-|FRONT|20|400|NSGAII/results/AGRICULTURAL_NSGAII_131225_12155314233248536032187400_20_Front
83.5668169082714,8.462640102550143,outputExpAgricultural_Both/exp12/agricultural|KMeans|25|1000|Euclidean|-|-|-|FRONT|20|400|NSGAII/results/AGRICULTURAL_NSGAII_131225_12155314233248536032187400_20_Front
48.67827993665489,49.191666392761384,outputExpAgricultural_Both/exp12/agricultural|KMeans|25|1000|Euclidean|-|-|-|FRONT|20|400|NSGAII/results/AGRICULTURAL_NSGAII_131225_12155314233248536032187400_20_Front
31.721281520282613,66.65477135169908,outputExpAgricultural_Both/exp12/agricultural|FuzzyKMeans|25|1000|Euclidean|1.05|-|-|FRONT|20|400|NSGAII/results/AGRICULTURAL_NSGAII_131225_12180717011263912198070562_1_Front
29.686928980387385,74.66795636923683,outputExpAgricultural_Both/exp12/agricultural|FuzzyKMeans|25|1000|Euclidean|1.05|-|-|FRONT|20|400|NSGAII/results/AGRICULTURAL_NSGAII_131225_12180717011263912198070562_1_Front
5.676696308929221,93.48271344655795,outputExpAgricultural_Both/exp12/agricultural|FuzzyKMeans|25|1000|Euclidean|1.05|-|-|FRONT|20|400|NSGAII/results/AGRICULTURAL_NSGAII_131225_12180717011263912198070562_1_Front
2.1683518089901375,98.95430790396723,outputExpAgricultural_Both/exp12/agricultural|FuzzyKMeans|25|1000|Euclidean|1.05|-|-|FRONT|20|400|NSGAII/results/AGRICULTURAL_NSGAII_131225_12180717011263912198070562_1_Front
2.265805822877324,98.1728796209777,outputExpAgricultural_Both/exp12/agricultural|FuzzyKMeans|25|1000|Euclidean|1.05|-|-|FRONT|20|400|NSGAII/results/AGRICULTURAL_NSGAII_131225_12180717011263912198070562_1_Front
57.19332440004873,49.520070996248286,outputExpAgricultural_Both/exp12/agricultural|FuzzyKMeans|25|1000|Euclidean|1.05|-|-|FRONT|20|400|NSGAII/results/AGRICULTURAL_NSGAII_131225_12180717011263912198070562_1_Front
64.27092215860641,38.38943696030877,outputExpAgricultural_Both/exp12/agricultural|FuzzyKMeans|25|1000|Euclidean|1.05|-|-|FRONT|20|400|NSGAII/results/AGRICULTURAL_NSGAII_131225_12180717011263912198070562_1_Front
69.63089292240224,29.22613150270697,outputExpAgricultural_Both/exp12/agricultural|FuzzyKMeans|25|1000|Euclidean|1.05|-|-|FRONT|20|400|NSGAII/results/AGRICULTURAL_NSGAII_131225_12180717011263912198070562_1_Front
27.750030454379342,74.9214204884279,outputExpAgricultural_Both/exp12/agricultural|FuzzyKMeans|25|1000|Euclidean|1.05|-|-|FRONT|20|400|NSGAII/results/AGRICULTURAL_NSGAII_131225_12180717011263912198070562_1_Front
31.41673772688513,66.97303363400307,outputExpAgricultural_Both/exp12/agricultural|FuzzyKMeans|25|1000|Euclidean|1.05|-|-|FRONT|20|400|NSGAII/results/AGRICULTURAL_NSGAII_131225_12180717011263912198070562_1_Front
45.87647703739798,60.83899534674061,outputExpAgricultural_Both/exp12/agricultural|FuzzyKMeans|25|1000|Euclidean|1.05|-|-|FRONT|20|400|NSGAII/results/AGRICULTURAL_NSGAII_131225_12180717011263912198070562_1_Front
45.0724814228286,61.22947471228206,outputExpAgricultural_Both/exp12/agricultural|FuzzyKMeans|25|1000|Euclidean|1.05|-|-|FRONT|20|400|NSGAII/results/AGRICULTURAL_NSGAII_131225_12180717011263912198070562_1_Front
0.024363503471796565,99.98159356526067,outputExpAgricultural_Both/exp12/agricultural|FuzzyKMeans|25|1000|Euclidean|1.05|-|-|FRONT|20|400|NSGAII/results/AGRICULTURAL_NSGAII_131225_12193517590849042007458639_2_Front
69.63089292240224,29.22613150270697,outputExpAgricultural_Both/exp12/agricultural|FuzzyKMeans|25|1000|Euclidean|1.05|-|-|FRONT|20|400|NSGAII/results/AGRICULTURAL_NSGAII_131225_12193517590849042007458639_2_Front
22.29260567669632,78.31778333935925,outputExpAgricultural_Both/exp12/agricultural|FuzzyKMeans|25|1000|Euclidean|1.05|-|-|FRONT|20|400|NSGAII/results/AGRICULTURAL_NSGAII_131225_12193517590849042007458639_2_Front
57.19332440004873,49.520070996248286,outputExpAgricultural_Both/exp12/agricultural|FuzzyKMeans|25|1000|Euclidean|1.05|-|-|FRONT|20|400|NSGAII/results/AGRICULTURAL_NSGAII_131225_12193517590849042007458639_2_Front
45.87647703739798,60.83899534674061,outputExpAgricultural_Both/exp12/agricultural|FuzzyKMeans|25|1000|Euclidean|1.05|-|-|FRONT|20|400|NSGAII/results/AGRICULTURAL_NSGAII_131225_12193517590849042007458639_2_Front
38.98160555487879,62.178814757077305,outputExpAgricultural_Both/exp12/agricultural|FuzzyKMeans|25|1000|Euclidean|1.05|-|-|FRONT|20|400|NSGAII/results/AGRICULTURAL_NSGAII_131225_12193517590849042007458639_2_Front
5.676696308929221,93.48271344655795,outputExpAgricultural_Both/exp12/agricultural|FuzzyKMeans|25|1000|Euclidean|1.05|-|-|FRONT|20|400|NSGAII/results/AGRICULTURAL_NSGAII_131225_12193517590849042007458639_2_Front
64.27092215860641,38.38943696030877,outputExpAgricultural_Both/exp12/agricultural|FuzzyKMeans|25|1000|Euclidean|1.05|-|-|FRONT|20|400|NSGAII/results/AGRICULTURAL_NSGAII_131225_12193517590849042007458639_2_Front
63.771470337434536,42.96362381379449,outputExpAgricultural_Both/exp12/agricultural|FuzzyKMeans|25|1000|Euclidean|1.05|-|-|FRONT|20|400|NSGAII/results/AGRICULTURAL_NSGAII_131225_12193517590849042007458639_2_Front
27.750030454379342,74.9214204884279,outputExpAgricultural_Both/exp12/agricultural|FuzzyKMeans|25|1000|Euclidean|1.05|-|-|FRONT|20|400|NSGAII/results/AGRICULTURAL_NSGAII_131225_12193517590849042007458639_2_Front
45.0724814228286,61.22938080190073,outputExpAgricultural_Both/exp12/agricultural|FuzzyKMeans|25|1000|Euclidean|1.05|-|-|FRONT|20|400|NSGAII/results/AGRICULTURAL_NSGAII_131225_12193517590849042007458639_2_Front
31.721281520282613,66.65477135169908,outputExpAgricultural_Both/exp12/agricultural|FuzzyKMeans|25|1000|Euclidean|1.05|-|-|FRONT|20|400|NSGAII/results/AGRICULTURAL_NSGAII_131225_12193517590849042007458639_2_Front
2.265805822877324,98.1728796209777,outputExpAgricultural_Both/exp12/agricultural|FuzzyKMeans|25|1000|Euclidean|1.05|-|-|FRONT|20|400|NSGAII/results/AGRICULTURAL_NSGAII_131225_12193517590849042007458639_2_Front
29.686928980387385,74.66795636923683,outputExpAgricultural_Both/exp12/agricultural|FuzzyKMeans|25|1000|Euclidean|1.05|-|-|FRONT|20|400|NSGAII/results/AGRICULTURAL_NSGAII_131225_12193517590849042007458639_2_Front
31.41673772688513,66.97303363400307,outputExpAgricultural_Both/exp12/agricultural|FuzzyKMeans|25|1000|Euclidean|1.05|-|-|FRONT|20|400|NSGAII/results/AGRICULTURAL_NSGAII_131225_12193517590849042007458639_2_Front
5.567060543306123,93.53257985904052,outputExpAgricultural_Both/exp12/agricultural|FuzzyKMeans|25|1000|Euclidean|1.05|-|-|FRONT|20|400|NSGAII/results/AGRICULTURAL_NSGAII_131225_12193517590849042007458639_2_Front
2.1683518089901375,98.95430790396723,outputExpAgricultural_Both/exp12/agricultural|FuzzyKMeans|25|1000|Euclidean|1.05|-|-|FRONT|20|400|NSGAII/results/AGRICULTURAL_NSGAII_131225_12193517590849042007458639_2_Front
0.024363503471796565,99.98159356526067,outputExpAgricultural_Both/exp12/agricultural|FuzzyKMeans|25|1000|Euclidean|1.05|-|-|FRONT|20|400|NSGAII/results/AGRICULTURAL_NSGAII_131225_1221134647252294124526152_3_Front
82.67754903155074,9.001779601726081,outputExpAgricultural_Both/exp12/agricultural|FuzzyKMeans|25|1000|Euclidean|1.05|-|-|FRONT|20|400|NSGAII/results/AGRICULTURAL_NSGAII_131225_1221134647252294124526152_3_Front
5.676696308929221,93.47923876244899,outputExpAgricultural_Both/exp12/agricultural|FuzzyKMeans|25|1000|Euclidean|1.05|-|-|FRONT|20|400|NSGAII/results/AGRICULTURAL_NSGAII_131225_1221134647252294124526152_3_Front
57.19332440004873,49.520070996248286,outputExpAgricultural_Both/exp12/agricultural|FuzzyKMeans|25|1000|Euclidean|1.05|-|-|FRONT|20|400|NSGAII/results/AGRICULTURAL_NSGAII_131225_1221134647252294124526152_3_Front
45.547569740528694,60.60882100211767,outputExpAgricultural_Both/exp12/agricultural|FuzzyKMeans|25|1000|Euclidean|1.05|-|-|FRONT|20|400|NSGAII/results/AGRICULTURAL_NSGAII_131225_1221134647252294124526152_3_Front
22.29260567669632,78.31778333935925,outputExpAgricultural_Both/exp12/agricultural|FuzzyKMeans|25|1000|Euclidean|1.05|-|-|FRONT|20|400|NSGAII/results/AGRICULTURAL_NSGAII_131225_1221134647252294124526152_3_Front
69.63089292240224,29.22613150270697,outputExpAgricultural_Both/exp12/agricultural|FuzzyKMeans|25|1000|Euclidean|1.05|-|-|FRONT|20|400|NSGAII/results/AGRICULTURAL_NSGAII_131225_1221134647252294124526152_3_Front
34.19417712267023,61.85623259723246,outputExpAgricultural_Both/exp12/agricultural|FuzzyKMeans|25|1000|Euclidean|1.05|-|-|FRONT|20|400|NSGAII/results/AGRICULTURAL_NSGAII_131225_1221134647252294124526152_3_Front
64.27092215860641,38.38943696030877,outputExpAgricultural_Both/exp12/agricultural|FuzzyKMeans|25|1000|Euclidean|1.05|-|-|FRONT|20|400|NSGAII/results/AGRICULTURAL_NSGAII_131225_1221134647252294124526152_3_Front
45.0724814228286,61.22928689151941,outputExpAgricultural_Both/exp12/agricultural|FuzzyKMeans|25|1000|Euclidean|1.05|-|-|FRONT|20|400|NSGAII/results/AGRICULTURAL_NSGAII_131225_1221134647252294124526152_3_Front
59.118041174320865,45.36491226422626,outputExpAgricultural_Both/exp12/agricultural|FuzzyKMeans|25|1000|Euclidean|1.05|-|-|FRONT|20|400|NSGAII/results/AGRICULTURAL_NSGAII_131225_1221134647252294124526152_3_Front
27.750030454379342,74.9214204884279,outputExpAgricultural_Both/exp12/agricultural|FuzzyKMeans|25|1000|Euclidean|1.05|-|-|FRONT|20|400|NSGAII/results/AGRICULTURAL_NSGAII_131225_1221134647252294124526152_3_Front
63.771470337434536,42.96362381379449,outputExpAgricultural_Both/exp12/agricultural|FuzzyKMeans|25|1000|Euclidean|1.05|-|-|FRONT|20|400|NSGAII/results/AGRICULTURAL_NSGAII_131225_1221134647252294124526152_3_Front
29.686928980387385,74.66795636923683,outputExpAgricultural_Both/exp12/agricultural|FuzzyKMeans|25|1000|Euclidean|1.05|-|-|FRONT|20|400|NSGAII/results/AGRICULTURAL_NSGAII_131225_1221134647252294124526152_3_Front
2.0952612985747345,97.56349515657207,outputExpAgricultural_Both/exp12/agricultural|FuzzyKMeans|25|1000|Euclidean|1.05|-|-|FRONT|20|400|NSGAII/results/AGRICULTURAL_NSGAII_131225_1221134647252294124526152_3_Front
0.024363503471796565,99.98159356526067,outputExpAgricultural_Both/exp12/agricultural|FuzzyKMeans|25|1000|Euclidean|1.05|-|-|FRONT|20|400|NSGAII/results/AGRICULTURAL_NSGAII_131225_1231402132970032139772627_4_Front
82.67754903155074,9.001779601726081,outputExpAgricultural_Both/exp12/agricultural|FuzzyKMeans|25|1000|Euclidean|1.05|-|-|FRONT|20|400|NSGAII/results/AGRICULTURAL_NSGAII_131225_1231402132970032139772627_4_Front
5.676696308929221,93.47923876244899,outputExpAgricultural_Both/exp12/agricultural|FuzzyKMeans|25|1000|Euclidean|1.05|-|-|FRONT|20|400|NSGAII/results/AGRICULTURAL_NSGAII_131225_1231402132970032139772627_4_Front
69.67961992934585,29.185092666068773,outputExpAgricultural_Both/exp12/agricultural|FuzzyKMeans|25|1000|Euclidean|1.05|-|-|FRONT|20|400|NSGAII/results/AGRICULTURAL_NSGAII_131225_1231402132970032139772627_4_Front
47.17992447313924,49.854579774521184,outputExpAgricultural_Both/exp12/agricultural|FuzzyKMeans|25|1000|Euclidean|1.05|-|-|FRONT|20|400|NSGAII/results/AGRICULTURAL_NSGAII_131225_1231402132970032139772627_4_Front
34.19417712267023,61.85623259723246,outputExpAgricultural_Both/exp12/agricultural|FuzzyKMeans|25|1000|Euclidean|1.05|-|-|FRONT|20|400|NSGAII/results/AGRICULTURAL_NSGAII_131225_1231402132970032139772627_4_Front
22.29260567669632,78.31778333935925,outputExpAgricultural_Both/exp12/agricultural|FuzzyKMeans|25|1000|Euclidean|1.05|-|-|FRONT|20|400|NSGAII/results/AGRICULTURAL_NSGAII_131225_1231402132970032139772627_4_Front
57.19332440004873,49.520070996248286,outputExpAgricultural_Both/exp12/agricultural|FuzzyKMeans|25|1000|Euclidean|1.05|-|-|FRONT|20|400|NSGAII/results/AGRICULTURAL_NSGAII_131225_1231402132970032139772627_4_Front
30.47874284322085,67.46324582450967,outputExpAgricultural_Both/exp12/agricultural|FuzzyKMeans|25|1000|Euclidean|1.05|-|-|FRONT|20|400|NSGAII/results/AGRICULTURAL_NSGAII_131225_1231402132970032139772627_4_Front
45.0724814228286,61.22928689151941,outputExpAgricultural_Both/exp12/agricultural|FuzzyKMeans|25|1000|Euclidean|1.05|-|-|FRONT|20|400|NSGAII/results/AGRICULTURAL_NSGAII_131225_1231402132970032139772627_4_Front
59.118041174320865,45.36491226422626,outputExpAgricultural_Both/exp12/agricultural|FuzzyKMeans|25|1000|Euclidean|1.05|-|-|FRONT|20|400|NSGAII/results/AGRICULTURAL_NSGAII_131225_1231402132970032139772627_4_Front
2.0952612985747345,97.56349515657207,outputExpAgricultural_Both/exp12/agricultural|FuzzyKMeans|25|1000|Euclidean|1.05|-|-|FRONT|20|400|NSGAII/results/AGRICULTURAL_NSGAII_131225_1231402132970032139772627_4_Front
45.547569740528694,60.60882100211767,outputExpAgricultural_Both/exp12/agricultural|FuzzyKMeans|25|1000|Euclidean|1.05|-|-|FRONT|20|400|NSGAII/results/AGRICULTURAL_NSGAII_131225_1231402132970032139772627_4_Front
64.27092215860641,38.38943696030877,outputExpAgricultural_Both/exp12/agricultural|FuzzyKMeans|25|1000|Euclidean|1.05|-|-|FRONT|20|400|NSGAII/results/AGRICULTURAL_NSGAII_131225_1231402132970032139772627_4_Front
29.686928980387385,74.66795636923683,outputExpAgricultural_Both/exp12/agricultural|FuzzyKMeans|25|1000|Euclidean|1.05|-|-|FRONT|20|400|NSGAII/results/AGRICULTURAL_NSGAII_131225_1231402132970032139772627_4_Front
25.38677061761482,77.18287638106953,outputExpAgricultural_Both/exp12/agricultural|FuzzyKMeans|25|1000|Euclidean|1.05|-|-|FRONT|20|400|NSGAII/results/AGRICULTURAL_NSGAII_131225_1231402132970032139772627_4_Front
0.024363503471796565,99.98140574449802,outputExpAgricultural_Both/exp12/agricultural|FuzzyKMeans|25|1000|Euclidean|1.05|-|-|FRONT|20|400|NSGAII/results/AGRICULTURAL_NSGAII_131225_12323413830169309739039383_5_Front
82.67754903155074,9.001779601726081,outputExpAgricultural_Both/exp12/agricultural|FuzzyKMeans|25|1000|Euclidean|1.05|-|-|FRONT|20|400|NSGAII/results/AGRICULTURAL_NSGAII_131225_12323413830169309739039383_5_Front
69.67961992934585,29.185092666068773,outputExpAgricultural_Both/exp12/agricultural|FuzzyKMeans|25|1000|Euclidean|1.05|-|-|FRONT|20|400|NSGAII/results/AGRICULTURAL_NSGAII_131225_12323413830169309739039383_5_Front
22.29260567669632,78.31684423554601,outputExpAgricultural_Both/exp12/agricultural|FuzzyKMeans|25|1000|Euclidean|1.05|-|-|FRONT|20|400|NSGAII/results/AGRICULTURAL_NSGAII_131225_12323413830169309739039383_5_Front
47.17992447313924,49.854579774521184,outputExpAgricultural_Both/exp12/agricultural|FuzzyKMeans|25|1000|Euclidean|1.05|-|-|FRONT|20|400|NSGAII/results/AGRICULTURAL_NSGAII_131225_12323413830169309739039383_5_Front
5.676696308929221,93.47923876244899,outputExpAgricultural_Both/exp12/agricultural|FuzzyKMeans|25|1000|Euclidean|1.05|-|-|FRONT|20|400|NSGAII/results/AGRICULTURAL_NSGAII_131225_12323413830169309739039383_5_Front
57.19332440004873,49.520070996248286,outputExpAgricultural_Both/exp12/agricultural|FuzzyKMeans|25|1000|Euclidean|1.05|-|-|FRONT|20|400|NSGAII/results/AGRICULTURAL_NSGAII_131225_12323413830169309739039383_5_Front
30.47874284322085,67.46277627260307,outputExpAgricultural_Both/exp12/agricultural|FuzzyKMeans|25|1000|Euclidean|1.05|-|-|FRONT|20|400|NSGAII/results/AGRICULTURAL_NSGAII_131225_12323413830169309739039383_5_Front
34.19417712267023,61.85623259723246,outputExpAgricultural_Both/exp12/agricultural|FuzzyKMeans|25|1000|Euclidean|1.05|-|-|FRONT|20|400|NSGAII/results/AGRICULTURAL_NSGAII_131225_12323413830169309739039383_5_Front
45.0724814228286,61.22928689151941,outputExpAgricultural_Both/exp12/agricultural|FuzzyKMeans|25|1000|Euclidean|1.05|-|-|FRONT|20|400|NSGAII/results/AGRICULTURAL_NSGAII_131225_12323413830169309739039383_5_Front
59.118041174320865,45.36491226422626,outputExpAgricultural_Both/exp12/agricultural|FuzzyKMeans|25|1000|Euclidean|1.05|-|-|FRONT|20|400|NSGAII/results/AGRICULTURAL_NSGAII_131225_12323413830169309739039383_5_Front
60.835668169082716,39.001169184247466,outputExpAgricultural_Both/exp12/agricultural|FuzzyKMeans|25|1000|Euclidean|1.05|-|-|FRONT|20|400|NSGAII/results/AGRICULTURAL_NSGAII_131225_12323413830169309739039383_5_Front
64.27092215860641,38.38943696030877,outputExpAgricultural_Both/exp12/agricultural|FuzzyKMeans|25|1000|Euclidean|1.05|-|-|FRONT|20|400|NSGAII/results/AGRICULTURAL_NSGAII_131225_12323413830169309739039383_5_Front
46.30283834815447,60.32305171175148,outputExpAgricultural_Both/exp12/agricultural|FuzzyKMeans|25|1000|Euclidean|1.05|-|-|FRONT|20|400|NSGAII/results/AGRICULTURAL_NSGAII_131225_12323413830169309739039383_5_Front
34.02363259836765,62.02301743446228,outputExpAgricultural_Both/exp12/agricultural|FuzzyKMeans|25|1000|Euclidean|1.05|-|-|FRONT|20|400|NSGAII/results/AGRICULTURAL_NSGAII_131225_12323413830169309739039383_5_Front
29.686928980387385,74.66795636923683,outputExpAgricultural_Both/exp12/agricultural|FuzzyKMeans|25|1000|Euclidean|1.05|-|-|FRONT|20|400|NSGAII/results/AGRICULTURAL_NSGAII_131225_12323413830169309739039383_5_Front
4.726519673529047,94.55967769957128,outputExpAgricultural_Both/exp12/agricultural|FuzzyKMeans|25|1000|Euclidean|1.05|-|-|FRONT|20|400|NSGAII/results/AGRICULTURAL_NSGAII_131225_12323413830169309739039383_5_Front
0.024363503471796565,99.98140574449802,outputExpAgricultural_Both/exp12/agricultural|FuzzyKMeans|25|1000|Euclidean|1.05|-|-|FRONT|20|400|NSGAII/results/AGRICULTURAL_NSGAII_131225_1233569998758164471526702_6_Front
82.67754903155074,9.001779601726081,outputExpAgricultural_Both/exp12/agricultural|FuzzyKMeans|25|1000|Euclidean|1.05|-|-|FRONT|20|400|NSGAII/results/AGRICULTURAL_NSGAII_131225_1233569998758164471526702_6_Front
69.67961992934585,29.185092666068773,outputExpAgricultural_Both/exp12/agricultural|FuzzyKMeans|25|1000|Euclidean|1.05|-|-|FRONT|20|400|NSGAII/results/AGRICULTURAL_NSGAII_131225_1233569998758164471526702_6_Front
22.29260567669632,78.31684423554601,outputExpAgricultural_Both/exp12/agricultural|FuzzyKMeans|25|1000|Euclidean|1.05|-|-|FRONT|20|400|NSGAII/results/AGRICULTURAL_NSGAII_131225_1233569998758164471526702_6_Front
5.676696308929221,93.47923876244899,outputExpAgricultural_Both/exp12/agricultural|FuzzyKMeans|25|1000|Euclidean|1.05|-|-|FRONT|20|400|NSGAII/results/AGRICULTURAL_NSGAII_131225_1233569998758164471526702_6_Front
47.17992447313924,49.854579774521184,outputExpAgricultural_Both/exp12/agricultural|FuzzyKMeans|25|1000|Euclidean|1.05|-|-|FRONT|20|400|NSGAII/results/AGRICULTURAL_NSGAII_131225_1233569998758164471526702_6_Front
64.27092215860641,38.38943696030877,outputExpAgricultural_Both/exp12/agricultural|FuzzyKMeans|25|1000|Euclidean|1.05|-|-|FRONT|20|400|NSGAII/results/AGRICULTURAL_NSGAII_131225_1233569998758164471526702_6_Front
57.19332440004873,49.520070996248286,outputExpAgricultural_Both/exp12/agricultural|FuzzyKMeans|25|1000|Euclidean|1.05|-|-|FRONT|20|400|NSGAII/results/AGRICULTURAL_NSGAII_131225_1233569998758164471526702_6_Front
34.90071872335241,61.74832956909222,outputExpAgricultural_Both/exp12/agricultural|FuzzyKMeans|25|1000|Euclidean|1.05|-|-|FRONT|20|400|NSGAII/results/AGRICULTURAL_NSGAII_131225_1233569998758164471526702_6_Front
45.0724814228286,61.22928689151941,outputExpAgricultural_Both/exp12/agricultural|FuzzyKMeans|25|1000|Euclidean|1.05|-|-|FRONT|20|400|NSGAII/results/AGRICULTURAL_NSGAII_131225_1233569998758164471526702_6_Front
28.761115848459006,74.94264423460693,outputExpAgricultural_Both/exp12/agricultural|FuzzyKMeans|25|1000|Euclidean|1.05|-|-|FRONT|20|400|NSGAII/results/AGRICULTURAL_NSGAII_131225_1233569998758164471526702_6_Front
46.30283834815447,60.32305171175148,outputExpAgricultural_Both/exp12/agricultural|FuzzyKMeans|25|1000|Euclidean|1.05|-|-|FRONT|20|400|NSGAII/results/AGRICULTURAL_NSGAII_131225_1233569998758164471526702_6_Front
30.47874284322085,67.46277627260307,outputExpAgricultural_Both/exp12/agricultural|FuzzyKMeans|25|1000|Euclidean|1.05|-|-|FRONT|20|400|NSGAII/results/AGRICULTURAL_NSGAII_131225_1233569998758164471526702_6_Front
33.99926909489585,62.03672835013546,outputExpAgricultural_Both/exp12/agricultural|FuzzyKMeans|25|1000|Euclidean|1.05|-|-|FRONT|20|400|NSGAII/results/AGRICULTURAL_NSGAII_131225_1233569998758164471526702_6_Front
29.686928980387385,74.66795636923683,outputExpAgricultural_Both/exp12/agricultural|FuzzyKMeans|25|1000|Euclidean|1.05|-|-|FRONT|20|400|NSGAII/results/AGRICULTURAL_NSGAII_131225_1233569998758164471526702_6_Front
60.786941162139115,39.04258366241096,outputExpAgricultural_Both/exp12/agricultural|FuzzyKMeans|25|1000|Euclidean|1.05|-|-|FRONT|20|400|NSGAII/results/AGRICULTURAL_NSGAII_131225_1233569998758164471526702_6_Front
0.0,99.99981217923735,outputExpAgricultural_Both/exp12/agricultural|FuzzyKMeans|25|1000|Euclidean|1.05|-|-|FRONT|20|400|NSGAII/results/AGRICULTURAL_NSGAII_131225_12383113680453176392785395_7_Front
82.67754903155074,9.001779601726081,outputExpAgricultural_Both/exp12/agricultural|FuzzyKMeans|25|1000|Euclidean|1.05|-|-|FRONT|20|400|NSGAII/results/AGRICULTURAL_NSGAII_131225_12383113680453176392785395_7_Front
69.67961992934585,29.185092666068773,outputExpAgricultural_Both/exp12/agricultural|FuzzyKMeans|25|1000|Euclidean|1.05|-|-|FRONT|20|400|NSGAII/results/AGRICULTURAL_NSGAII_131225_12383113680453176392785395_7_Front
22.29260567669632,78.31684423554601,outputExpAgricultural_Both/exp12/agricultural|FuzzyKMeans|25|1000|Euclidean|1.05|-|-|FRONT|20|400|NSGAII/results/AGRICULTURAL_NSGAII_131225_12383113680453176392785395_7_Front
5.676696308929221,93.47923876244899,outputExpAgricultural_Both/exp12/agricultural|FuzzyKMeans|25|1000|Euclidean|1.05|-|-|FRONT|20|400|NSGAII/results/AGRICULTURAL_NSGAII_131225_12383113680453176392785395_7_Front
57.19332440004873,49.520070996248286,outputExpAgricultural_Both/exp12/agricultural|FuzzyKMeans|25|1000|Euclidean|1.05|-|-|FRONT|20|400|NSGAII/results/AGRICULTURAL_NSGAII_131225_12383113680453176392785395_7_Front
47.17992447313924,49.854579774521184,outputExpAgricultural_Both/exp12/agricultural|FuzzyKMeans|25|1000|Euclidean|1.05|-|-|FRONT|20|400|NSGAII/results/AGRICULTURAL_NSGAII_131225_12383113680453176392785395_7_Front
30.47874284322085,67.46277627260307,outputExpAgricultural_Both/exp12/agricultural|FuzzyKMeans|25|1000|Euclidean|1.05|-|-|FRONT|20|400|NSGAII/results/AGRICULTURAL_NSGAII_131225_12383113680453176392785395_7_Front
34.90071872335241,61.74832956909222,outputExpAgricultural_Both/exp12/agricultural|FuzzyKMeans|25|1000|Euclidean|1.05|-|-|FRONT|20|400|NSGAII/results/AGRICULTURAL_NSGAII_131225_12383113680453176392785395_7_Front
45.0724814228286,61.22928689151941,outputExpAgricultural_Both/exp12/agricultural|FuzzyKMeans|25|1000|Euclidean|1.05|-|-|FRONT|20|400|NSGAII/results/AGRICULTURAL_NSGAII_131225_12383113680453176392785395_7_Front
60.786941162139115,39.04258366241096,outputExpAgricultural_Both/exp12/agricultural|FuzzyKMeans|25|1000|Euclidean|1.05|-|-|FRONT|20|400|NSGAII/results/AGRICULTURAL_NSGAII_131225_12383113680453176392785395_7_Front
64.27092215860641,38.38943696030877,outputExpAgricultural_Both/exp12/agricultural|FuzzyKMeans|25|1000|Euclidean|1.05|-|-|FRONT|20|400|NSGAII/results/AGRICULTURAL_NSGAII_131225_12383113680453176392785395_7_Front
28.67584358630772,74.99241673670817,outputExpAgricultural_Both/exp12/agricultural|FuzzyKMeans|25|1000|Euclidean|1.05|-|-|FRONT|20|400|NSGAII/results/AGRICULTURAL_NSGAII_131225_12383113680453176392785395_7_Front
4.726519673529047,94.55967769957128,outputExpAgricultural_Both/exp12/agricultural|FuzzyKMeans|25|1000|Euclidean|1.05|-|-|FRONT|20|400|NSGAII/results/AGRICULTURAL_NSGAII_131225_12383113680453176392785395_7_Front
33.99926909489585,62.03672835013546,outputExpAgricultural_Both/exp12/agricultural|FuzzyKMeans|25|1000|Euclidean|1.05|-|-|FRONT|20|400|NSGAII/results/AGRICULTURAL_NSGAII_131225_12383113680453176392785395_7_Front
46.30283834815447,60.32305171175148,outputExpAgricultural_Both/exp12/agricultural|FuzzyKMeans|25|1000|Euclidean|1.05|-|-|FRONT|20|400|NSGAII/results/AGRICULTURAL_NSGAII_131225_12383113680453176392785395_7_Front
0.0,99.99981217923735,outputExpAgricultural_Both/exp12/agricultural|FuzzyKMeans|25|1000|Euclidean|1.05|-|-|FRONT|20|400|NSGAII/results/AGRICULTURAL_NSGAII_131225_1239227061458950921567063_8_Front
82.67754903155074,9.001779601726081,outputExpAgricultural_Both/exp12/agricultural|FuzzyKMeans|25|1000|Euclidean|1.05|-|-|FRONT|20|400|NSGAII/results/AGRICULTURAL_NSGAII_131225_1239227061458950921567063_8_Front
75.27104397612378,24.857796205081492,outputExpAgricultural_Both/exp12/agricultural|FuzzyKMeans|25|1000|Euclidean|1.05|-|-|FRONT|20|400|NSGAII/results/AGRICULTURAL_NSGAII_131225_1239227061458950921567063_8_Front
48.7270069435985,45.898792782048105,outputExpAgricultural_Both/exp12/agricultural|FuzzyKMeans|25|1000|Euclidean|1.05|-|-|FRONT|20|400|NSGAII/results/AGRICULTURAL_NSGAII_131225_1239227061458950921567063_8_Front
60.786941162139115,39.04258366241096,outputExpAgricultural_Both/exp12/agricultural|FuzzyKMeans|25|1000|Euclidean|1.05|-|-|FRONT|20|400|NSGAII/results/AGRICULTURAL_NSGAII_131225_1239227061458950921567063_8_Front
43.123401145084664,59.45625889213923,outputExpAgricultural_Both/exp12/agricultural|FuzzyKMeans|25|1000|Euclidean|1.05|-|-|FRONT|20|400|NSGAII/results/AGRICULTURAL_NSGAII_131225_1239227061458950921567063_8_Front
22.29260567669632,78.31684423554601,outputExpAgricultural_Both/exp12/agricultural|FuzzyKMeans|25|1000|Euclidean|1.05|-|-|FRONT|20|400|NSGAII/results/AGRICULTURAL_NSGAII_131225_1239227061458950921567063_8_Front
5.676696308929221,93.47923876244899,outputExpAgricultural_Both/exp12/agricultural|FuzzyKMeans|25|1000|Euclidean|1.05|-|-|FRONT|20|400|NSGAII/results/AGRICULTURAL_NSGAII_131225_1239227061458950921567063_8_Front
28.67584358630772,74.99241673670817,outputExpAgricultural_Both/exp12/agricultural|FuzzyKMeans|25|1000|Euclidean|1.05|-|-|FRONT|20|400|NSGAII/results/AGRICULTURAL_NSGAII_131225_1239227061458950921567063_8_Front
30.47874284322085,67.46277627260307,outputExpAgricultural_Both/exp12/agricultural|FuzzyKMeans|25|1000|Euclidean|1.05|-|-|FRONT|20|400|NSGAII/results/AGRICULTURAL_NSGAII_131225_1239227061458950921567063_8_Front
66.51236447801195,32.94939639102404,outputExpAgricultural_Both/exp12/agricultural|FuzzyKMeans|25|1000|Euclidean|1.05|-|-|FRONT|20|400|NSGAII/results/AGRICULTURAL_NSGAII_131225_1239227061458950921567063_8_Front
34.90071872335241,61.74832956909222,outputExpAgricultural_Both/exp12/agricultural|FuzzyKMeans|25|1000|Euclidean|1.05|-|-|FRONT|20|400|NSGAII/results/AGRICULTURAL_NSGAII_131225_1239227061458950921567063_8_Front
69.67961992934585,29.185092666068773,outputExpAgricultural_Both/exp12/agricultural|FuzzyKMeans|25|1000|Euclidean|1.05|-|-|FRONT|20|400|NSGAII/results/AGRICULTURAL_NSGAII_131225_1239227061458950921567063_8_Front
0.986721890607869,98.9195610628777,outputExpAgricultural_Both/exp12/agricultural|FuzzyKMeans|25|1000|Euclidean|1.05|-|-|FRONT|20|400|NSGAII/results/AGRICULTURAL_NSGAII_131225_1239227061458950921567063_8_Front
47.17992447313924,49.854579774521184,outputExpAgricultural_Both/exp12/agricultural|FuzzyKMeans|25|1000|Euclidean|1.05|-|-|FRONT|20|400|NSGAII/results/AGRICULTURAL_NSGAII_131225_1239227061458950921567063_8_Front
0.0,99.99981217923735,outputExpAgricultural_Both/exp12/agricultural|FuzzyKMeans|25|1000|Euclidean|1.05|-|-|FRONT|20|400|NSGAII/results/AGRICULTURAL_NSGAII_131225_12400213296600065790669571_9_Front
82.67754903155074,9.001779601726081,outputExpAgricultural_Both/exp12/agricultural|FuzzyKMeans|25|1000|Euclidean|1.05|-|-|FRONT|20|400|NSGAII/results/AGRICULTURAL_NSGAII_131225_12400213296600065790669571_9_Front
5.676696308929221,93.47923876244899,outputExpAgricultural_Both/exp12/agricultural|FuzzyKMeans|25|1000|Euclidean|1.05|-|-|FRONT|20|400|NSGAII/results/AGRICULTURAL_NSGAII_131225_12400213296600065790669571_9_Front
43.123401145084664,59.45625889213923,outputExpAgricultural_Both/exp12/agricultural|FuzzyKMeans|25|1000|Euclidean|1.05|-|-|FRONT|20|400|NSGAII/results/AGRICULTURAL_NSGAII_131225_12400213296600065790669571_9_Front
48.7270069435985,45.898792782048105,outputExpAgricultural_Both/exp12/agricultural|FuzzyKMeans|25|1000|Euclidean|1.05|-|-|FRONT|20|400|NSGAII/results/AGRICULTURAL_NSGAII_131225_12400213296600065790669571_9_Front
75.27104397612378,24.857796205081492,outputExpAgricultural_Both/exp12/agricultural|FuzzyKMeans|25|1000|Euclidean|1.05|-|-|FRONT|20|400|NSGAII/results/AGRICULTURAL_NSGAII_131225_12400213296600065790669571_9_Front
22.29260567669632,78.31684423554601,outputExpAgricultural_Both/exp12/agricultural|FuzzyKMeans|25|1000|Euclidean|1.05|-|-|FRONT|20|400|NSGAII/results/AGRICULTURAL_NSGAII_131225_12400213296600065790669571_9_Front
60.42148861006213,39.65027773995276,outputExpAgricultural_Both/exp12/agricultural|FuzzyKMeans|25|1000|Euclidean|1.05|-|-|FRONT|20|400|NSGAII/results/AGRICULTURAL_NSGAII_131225_12400213296600065790669571_9_Front
66.51236447801195,32.94939639102404,outputExpAgricultural_Both/exp12/agricultural|FuzzyKMeans|25|1000|Euclidean|1.05|-|-|FRONT|20|400|NSGAII/results/AGRICULTURAL_NSGAII_131225_12400213296600065790669571_9_Front
30.47874284322085,67.46277627260307,outputExpAgricultural_Both/exp12/agricultural|FuzzyKMeans|25|1000|Euclidean|1.05|-|-|FRONT|20|400|NSGAII/results/AGRICULTURAL_NSGAII_131225_12400213296600065790669571_9_Front
34.90071872335241,61.74832956909222,outputExpAgricultural_Both/exp12/agricultural|FuzzyKMeans|25|1000|Euclidean|1.05|-|-|FRONT|20|400|NSGAII/results/AGRICULTURAL_NSGAII_131225_12400213296600065790669571_9_Front
60.920940431234015,38.88556550483872,outputExpAgricultural_Both/exp12/agricultural|FuzzyKMeans|25|1000|Euclidean|1.05|-|-|FRONT|20|400|NSGAII/results/AGRICULTURAL_NSGAII_131225_12400213296600065790669571_9_Front
0.986721890607869,98.91937324211504,outputExpAgricultural_Both/exp12/agricultural|FuzzyKMeans|25|1000|Euclidean|1.05|-|-|FRONT|20|400|NSGAII/results/AGRICULTURAL_NSGAII_131225_12400213296600065790669571_9_Front
28.67584358630772,74.99241673670817,outputExpAgricultural_Both/exp12/agricultural|FuzzyKMeans|25|1000|Euclidean|1.05|-|-|FRONT|20|400|NSGAII/results/AGRICULTURAL_NSGAII_131225_12400213296600065790669571_9_Front
69.67961992934585,29.185092666068773,outputExpAgricultural_Both/exp12/agricultural|FuzzyKMeans|25|1000|Euclidean|1.05|-|-|FRONT|20|400|NSGAII/results/AGRICULTURAL_NSGAII_131225_12400213296600065790669571_9_Front
0.0,99.99981217923735,outputExpAgricultural_Both/exp12/agricultural|FuzzyKMeans|25|1000|Euclidean|1.05|-|-|FRONT|20|400|NSGAII/results/AGRICULTURAL_NSGAII_131225_12402010737929314169583628_10_Front
82.67754903155074,9.001779601726081,outputExpAgricultural_Both/exp12/agricultural|FuzzyKMeans|25|1000|Euclidean|1.05|-|-|FRONT|20|400|NSGAII/results/AGRICULTURAL_NSGAII_131225_12402010737929314169583628_10_Front
39.639420148617376,59.109260033150356,outputExpAgricultural_Both/exp12/agricultural|FuzzyKMeans|25|1000|Euclidean|1.05|-|-|FRONT|20|400|NSGAII/results/AGRICULTURAL_NSGAII_131225_12402010737929314169583628_10_Front
5.676696308929221,93.47923876244899,outputExpAgricultural_Both/exp12/agricultural|FuzzyKMeans|25|1000|Euclidean|1.05|-|-|FRONT|20|400|NSGAII/results/AGRICULTURAL_NSGAII_131225_12402010737929314169583628_10_Front
48.7270069435985,45.898792782048105,outputExpAgricultural_Both/exp12/agricultural|FuzzyKMeans|25|1000|Euclidean|1.05|-|-|FRONT|20|400|NSGAII/results/AGRICULTURAL_NSGAII_131225_12402010737929314169583628_10_Front
22.29260567669632,78.31684423554601,outputExpAgricultural_Both/exp12/agricultural|FuzzyKMeans|25|1000|Euclidean|1.05|-|-|FRONT|20|400|NSGAII/results/AGRICULTURAL_NSGAII_131225_12402010737929314169583628_10_Front
60.42148861006213,39.65027773995276,outputExpAgricultural_Both/exp12/agricultural|FuzzyKMeans|25|1000|Euclidean|1.05|-|-|FRONT|20|400|NSGAII/results/AGRICULTURAL_NSGAII_131225_12402010737929314169583628_10_Front
75.27104397612378,24.857796205081492,outputExpAgricultural_Both/exp12/agricultural|FuzzyKMeans|25|1000|Euclidean|1.05|-|-|FRONT|20|400|NSGAII/results/AGRICULTURAL_NSGAII_131225_12402010737929314169583628_10_Front
66.51236447801195,32.94939639102404,outputExpAgricultural_Both/exp12/agricultural|FuzzyKMeans|25|1000|Euclidean|1.05|-|-|FRONT|20|400|NSGAII/results/AGRICULTURAL_NSGAII_131225_12402010737929314169583628_10_Front
30.47874284322085,67.46277627260307,outputExpAgricultural_Both/exp12/agricultural|FuzzyKMeans|25|1000|Euclidean|1.05|-|-|FRONT|20|400|NSGAII/results/AGRICULTURAL_NSGAII_131225_12402010737929314169583628_10_Front
28.67584358630772,74.99241673670817,outputExpAgricultural_Both/exp12/agricultural|FuzzyKMeans|25|1000|Euclidean|1.05|-|-|FRONT|20|400|NSGAII/results/AGRICULTURAL_NSGAII_131225_12402010737929314169583628_10_Front
25.15531733463272,77.34149101512426,outputExpAgricultural_Both/exp12/agricultural|FuzzyKMeans|25|1000|Euclidean|1.05|-|-|FRONT|20|400|NSGAII/results/AGRICULTURAL_NSGAII_131225_12402010737929314169583628_10_Front
0.0,99.99981217923735,outputExpAgricultural_Both/exp12/agricultural|FuzzyKMeans|25|1000|Euclidean|1.05|-|-|FRONT|20|400|NSGAII/results/AGRICULTURAL_NSGAII_131225_1240353548102498846599233_11_Front
82.67754903155074,9.001779601726081,outputExpAgricultural_Both/exp12/agricultural|FuzzyKMeans|25|1000|Euclidean|1.05|-|-|FRONT|20|400|NSGAII/results/AGRICULTURAL_NSGAII_131225_1240353548102498846599233_11_Front
60.42148861006213,39.65027773995276,outputExpAgricultural_Both/exp12/agricultural|FuzzyKMeans|25|1000|Euclidean|1.05|-|-|FRONT|20|400|NSGAII/results/AGRICULTURAL_NSGAII_131225_1240353548102498846599233_11_Front
66.51236447801195,32.94939639102404,outputExpAgricultural_Both/exp12/agricultural|FuzzyKMeans|25|1000|Euclidean|1.05|-|-|FRONT|20|400|NSGAII/results/AGRICULTURAL_NSGAII_131225_1240353548102498846599233_11_Front
75.27104397612378,24.857796205081492,outputExpAgricultural_Both/exp12/agricultural|FuzzyKMeans|25|1000|Euclidean|1.05|-|-|FRONT|20|400|NSGAII/results/AGRICULTURAL_NSGAII_131225_1240353548102498846599233_11_Front
22.29260567669632,78.31684423554601,outputExpAgricultural_Both/exp12/agricultural|FuzzyKMeans|25|1000|Euclidean|1.05|-|-|FRONT|20|400|NSGAII/results/AGRICULTURAL_NSGAII_131225_1240353548102498846599233_11_Front
47.17992447313924,49.854579774521184,outputExpAgricultural_Both/exp12/agricultural|FuzzyKMeans|25|1000|Euclidean|1.05|-|-|FRONT|20|400|NSGAII/results/AGRICULTURAL_NSGAII_131225_1240353548102498846599233_11_Front
5.676696308929221,93.47923876244899,outputExpAgricultural_Both/exp12/agricultural|FuzzyKMeans|25|1000|Euclidean|1.05|-|-|FRONT|20|400|NSGAII/results/AGRICULTURAL_NSGAII_131225_1240353548102498846599233_11_Front
48.73918869533439,45.88526968713755,outputExpAgricultural_Both/exp12/agricultural|FuzzyKMeans|25|1000|Euclidean|1.05|-|-|FRONT|20|400|NSGAII/results/AGRICULTURAL_NSGAII_131225_1240353548102498846599233_11_Front
39.700328907296864,59.059487531049115,outputExpAgricultural_Both/exp12/agricultural|FuzzyKMeans|25|1000|Euclidean|1.05|-|-|FRONT|20|400|NSGAII/results/AGRICULTURAL_NSGAII_131225_1240353548102498846599233_11_Front
30.47874284322085,67.46277627260307,outputExpAgricultural_Both/exp12/agricultural|FuzzyKMeans|25|1000|Euclidean|1.05|-|-|FRONT|20|400|NSGAII/results/AGRICULTURAL_NSGAII_131225_1240353548102498846599233_11_Front
34.02363259836765,62.02301743446228,outputExpAgricultural_Both/exp12/agricultural|FuzzyKMeans|25|1000|Euclidean|1.05|-|-|FRONT|20|400|NSGAII/results/AGRICULTURAL_NSGAII_131225_1240353548102498846599233_11_Front
4.629065659641861,94.6059755175636,outputExpAgricultural_Both/exp12/agricultural|FuzzyKMeans|25|1000|Euclidean|1.05|-|-|FRONT|20|400|NSGAII/results/AGRICULTURAL_NSGAII_131225_1240353548102498846599233_11_Front
0.0,99.99624358474706,outputExpAgricultural_Both/exp12/agricultural|FuzzyKMeans|25|1000|Euclidean|1.05|-|-|FRONT|20|400|NSGAII/results/AGRICULTURAL_NSGAII_131225_1241274593138847153291590_12_Front
82.67754903155074,9.001779601726081,outputExpAgricultural_Both/exp12/agricultural|FuzzyKMeans|25|1000|Euclidean|1.05|-|-|FRONT|20|400|NSGAII/results/AGRICULTURAL_NSGAII_131225_1241274593138847153291590_12_Front
59.690583505908144,33.71673811681512,outputExpAgricultural_Both/exp12/agricultural|FuzzyKMeans|25|1000|Euclidean|1.05|-|-|FRONT|20|400|NSGAII/results/AGRICULTURAL_NSGAII_131225_1241274593138847153291590_12_Front
22.29260567669632,78.31684423554601,outputExpAgricultural_Both/exp12/agricultural|FuzzyKMeans|25|1000|Euclidean|1.05|-|-|FRONT|20|400|NSGAII/results/AGRICULTURAL_NSGAII_131225_1241274593138847153291590_12_Front
39.700328907296864,59.059487531049115,outputExpAgricultural_Both/exp12/agricultural|FuzzyKMeans|25|1000|Euclidean|1.05|-|-|FRONT|20|400|NSGAII/results/AGRICULTURAL_NSGAII_131225_1241274593138847153291590_12_Front
48.73918869533439,45.88526968713755,outputExpAgricultural_Both/exp12/agricultural|FuzzyKMeans|25|1000|Euclidean|1.05|-|-|FRONT|20|400|NSGAII/results/AGRICULTURAL_NSGAII_131225_1241274593138847153291590_12_Front
5.676696308929221,93.47923876244899,outputExpAgricultural_Both/exp12/agricultural|FuzzyKMeans|25|1000|Euclidean|1.05|-|-|FRONT|20|400|NSGAII/results/AGRICULTURAL_NSGAII_131225_1241274593138847153291590_12_Front
75.78267754903155,16.81164864369932,outputExpAgricultural_Both/exp12/agricultural|FuzzyKMeans|25|1000|Euclidean|1.05|-|-|FRONT|20|400|NSGAII/results/AGRICULTURAL_NSGAII_131225_1241274593138847153291590_12_Front
30.454379339749053,67.47695674018284,outputExpAgricultural_Both/exp12/agricultural|FuzzyKMeans|25|1000|Euclidean|1.05|-|-|FRONT|20|400|NSGAII/results/AGRICULTURAL_NSGAII_131225_1241274593138847153291590_12_Front
47.10683396272385,49.9038827247158,outputExpAgricultural_Both/exp12/agricultural|FuzzyKMeans|25|1000|Euclidean|1.05|-|-|FRONT|20|400|NSGAII/results/AGRICULTURAL_NSGAII_131225_1241274593138847153291590_12_Front
69.63089292240224,29.226882785757553,outputExpAgricultural_Both/exp12/agricultural|FuzzyKMeans|25|1000|Euclidean|1.05|-|-|FRONT|20|400|NSGAII/results/AGRICULTURAL_NSGAII_131225_1241274593138847153291590_12_Front
66.51236447801195,32.94939639102404,outputExpAgricultural_Both/exp12/agricultural|FuzzyKMeans|25|1000|Euclidean|1.05|-|-|FRONT|20|400|NSGAII/results/AGRICULTURAL_NSGAII_131225_1241274593138847153291590_12_Front
34.02363259836765,62.02301743446228,outputExpAgricultural_Both/exp12/agricultural|FuzzyKMeans|25|1000|Euclidean|1.05|-|-|FRONT|20|400|NSGAII/results/AGRICULTURAL_NSGAII_131225_1241274593138847153291590_12_Front
74.79595565842368,25.13990299057609,outputExpAgricultural_Both/exp12/agricultural|FuzzyKMeans|25|1000|Euclidean|1.05|-|-|FRONT|20|400|NSGAII/results/AGRICULTURAL_NSGAII_131225_1241274593138847153291590_12_Front
30.47874284322085,67.46277627260307,outputExpAgricultural_Both/exp12/agricultural|FuzzyKMeans|25|1000|Euclidean|1.05|-|-|FRONT|20|400|NSGAII/results/AGRICULTURAL_NSGAII_131225_1241274593138847153291590_12_Front
0.0,99.99624358474706,outputExpAgricultural_Both/exp12/agricultural|FuzzyKMeans|25|1000|Euclidean|1.05|-|-|FRONT|20|400|NSGAII/results/AGRICULTURAL_NSGAII_131225_12414410477821750202076397_13_Front
82.67754903155074,9.001779601726081,outputExpAgricultural_Both/exp12/agricultural|FuzzyKMeans|25|1000|Euclidean|1.05|-|-|FRONT|20|400|NSGAII/results/AGRICULTURAL_NSGAII_131225_12414410477821750202076397_13_Front
22.29260567669632,78.31684423554601,outputExpAgricultural_Both/exp12/agricultural|FuzzyKMeans|25|1000|Euclidean|1.05|-|-|FRONT|20|400|NSGAII/results/AGRICULTURAL_NSGAII_131225_12414410477821750202076397_13_Front
5.676696308929221,93.47923876244899,outputExpAgricultural_Both/exp12/agricultural|FuzzyKMeans|25|1000|Euclidean|1.05|-|-|FRONT|20|400|NSGAII/results/AGRICULTURAL_NSGAII_131225_12414410477821750202076397_13_Front
59.118041174320865,45.36491226422626,outputExpAgricultural_Both/exp12/agricultural|FuzzyKMeans|25|1000|Euclidean|1.05|-|-|FRONT|20|400|NSGAII/results/AGRICULTURAL_NSGAII_131225_12414410477821750202076397_13_Front
59.690583505908144,33.71673811681512,outputExpAgricultural_Both/exp12/agricultural|FuzzyKMeans|25|1000|Euclidean|1.05|-|-|FRONT|20|400|NSGAII/results/AGRICULTURAL_NSGAII_131225_12414410477821750202076397_13_Front
30.454379339749053,67.47423333912445,outputExpAgricultural_Both/exp12/agricultural|FuzzyKMeans|25|1000|Euclidean|1.05|-|-|FRONT|20|400|NSGAII/results/AGRICULTURAL_NSGAII_131225_12414410477821750202076397_13_Front
34.02363259836765,62.02301743446228,outputExpAgricultural_Both/exp12/agricultural|FuzzyKMeans|25|1000|Euclidean|1.05|-|-|FRONT|20|400|NSGAII/results/AGRICULTURAL_NSGAII_131225_12414410477821750202076397_13_Front
47.10683396272385,49.9038827247158,outputExpAgricultural_Both/exp12/agricultural|FuzzyKMeans|25|1000|Euclidean|1.05|-|-|FRONT|20|400|NSGAII/results/AGRICULTURAL_NSGAII_131225_12414410477821750202076397_13_Front
69.63089292240224,29.226882785757553,outputExpAgricultural_Both/exp12/agricultural|FuzzyKMeans|25|1000|Euclidean|1.05|-|-|FRONT|20|400|NSGAII/results/AGRICULTURAL_NSGAII_131225_12414410477821750202076397_13_Front
75.78267754903155,16.81164864369932,outputExpAgricultural_Both/exp12/agricultural|FuzzyKMeans|25|1000|Euclidean|1.05|-|-|FRONT|20|400|NSGAII/results/AGRICULTURAL_NSGAII_131225_12414410477821750202076397_13_Front
39.700328907296864,59.059487531049115,outputExpAgricultural_Both/exp12/agricultural|FuzzyKMeans|25|1000|Euclidean|1.05|-|-|FRONT|20|400|NSGAII/results/AGRICULTURAL_NSGAII_131225_12414410477821750202076397_13_Front
48.73918869533439,45.88526968713755,outputExpAgricultural_Both/exp12/agricultural|FuzzyKMeans|25|1000|Euclidean|1.05|-|-|FRONT|20|400|NSGAII/results/AGRICULTURAL_NSGAII_131225_12414410477821750202076397_13_Front
74.79595565842368,25.13990299057609,outputExpAgricultural_Both/exp12/agricultural|FuzzyKMeans|25|1000|Euclidean|1.05|-|-|FRONT|20|400|NSGAII/results/AGRICULTURAL_NSGAII_131225_12414410477821750202076397_13_Front
0.0,99.99624358474706,outputExpAgricultural_Both/exp12/agricultural|FuzzyKMeans|25|1000|Euclidean|1.05|-|-|FRONT|20|400|NSGAII/results/AGRICULTURAL_NSGAII_131225_12420814385398839869311205_14_Front
82.67754903155074,9.001779601726081,outputExpAgricultural_Both/exp12/agricultural|FuzzyKMeans|25|1000|Euclidean|1.05|-|-|FRONT|20|400|NSGAII/results/AGRICULTURAL_NSGAII_131225_12420814385398839869311205_14_Front
18.272627603849436,83.75782390864399,outputExpAgricultural_Both/exp12/agricultural|FuzzyKMeans|25|1000|Euclidean|1.05|-|-|FRONT|20|400|NSGAII/results/AGRICULTURAL_NSGAII_131225_12420814385398839869311205_14_Front
59.690583505908144,33.71645638567115,outputExpAgricultural_Both/exp12/agricultural|FuzzyKMeans|25|1000|Euclidean|1.05|-|-|FRONT|20|400|NSGAII/results/AGRICULTURAL_NSGAII_131225_12420814385398839869311205_14_Front
52.759166768181274,43.35569965581844,outputExpAgricultural_Both/exp12/agricultural|FuzzyKMeans|25|1000|Euclidean|1.05|-|-|FRONT|20|400|NSGAII/results/AGRICULTURAL_NSGAII_131225_12420814385398839869311205_14_Front
5.676696308929221,93.47923876244899,outputExpAgricultural_Both/exp12/agricultural|FuzzyKMeans|25|1000|Euclidean|1.05|-|-|FRONT|20|400|NSGAII/results/AGRICULTURAL_NSGAII_131225_12420814385398839869311205_14_Front
25.15531733463272,77.34149101512426,outputExpAgricultural_Both/exp12/agricultural|FuzzyKMeans|25|1000|Euclidean|1.05|-|-|FRONT|20|400|NSGAII/results/AGRICULTURAL_NSGAII_131225_12420814385398839869311205_14_Front
47.10683396272385,49.9038827247158,outputExpAgricultural_Both/exp12/agricultural|FuzzyKMeans|25|1000|Euclidean|1.05|-|-|FRONT|20|400|NSGAII/results/AGRICULTURAL_NSGAII_131225_12420814385398839869311205_14_Front
67.07272505786332,32.66015241654889,outputExpAgricultural_Both/exp12/agricultural|FuzzyKMeans|25|1000|Euclidean|1.05|-|-|FRONT|20|400|NSGAII/results/AGRICULTURAL_NSGAII_131225_12420814385398839869311205_14_Front
69.63089292240224,29.226882785757553,outputExpAgricultural_Both/exp12/agricultural|FuzzyKMeans|25|1000|Euclidean|1.05|-|-|FRONT|20|400|NSGAII/results/AGRICULTURAL_NSGAII_131225_12420814385398839869311205_14_Front
39.700328907296864,59.059487531049115,outputExpAgricultural_Both/exp12/agricultural|FuzzyKMeans|25|1000|Euclidean|1.05|-|-|FRONT|20|400|NSGAII/results/AGRICULTURAL_NSGAII_131225_12420814385398839869311205_14_Front
74.79595565842368,25.13990299057609,outputExpAgricultural_Both/exp12/agricultural|FuzzyKMeans|25|1000|Euclidean|1.05|-|-|FRONT|20|400|NSGAII/results/AGRICULTURAL_NSGAII_131225_12420814385398839869311205_14_Front
30.454379339749053,67.47423333912445,outputExpAgricultural_Both/exp12/agricultural|FuzzyKMeans|25|1000|Euclidean|1.05|-|-|FRONT|20|400|NSGAII/results/AGRICULTURAL_NSGAII_131225_12420814385398839869311205_14_Front
48.73918869533439,45.88489404561228,outputExpAgricultural_Both/exp12/agricultural|FuzzyKMeans|25|1000|Euclidean|1.05|-|-|FRONT|20|400|NSGAII/results/AGRICULTURAL_NSGAII_131225_12420814385398839869311205_14_Front
34.02363259836765,62.02301743446228,outputExpAgricultural_Both/exp12/agricultural|FuzzyKMeans|25|1000|Euclidean|1.05|-|-|FRONT|20|400|NSGAII/results/AGRICULTURAL_NSGAII_131225_12420814385398839869311205_14_Front
0.0,99.99624358474706,outputExpAgricultural_Both/exp12/agricultural|FuzzyKMeans|25|1000|Euclidean|1.05|-|-|FRONT|20|400|NSGAII/results/AGRICULTURAL_NSGAII_131225_12422218304696603108472266_15_Front
82.67754903155074,9.001779601726081,outputExpAgricultural_Both/exp12/agricultural|FuzzyKMeans|25|1000|Euclidean|1.05|-|-|FRONT|20|400|NSGAII/results/AGRICULTURAL_NSGAII_131225_12422218304696603108472266_15_Front
18.272627603849436,83.75782390864399,outputExpAgricultural_Both/exp12/agricultural|FuzzyKMeans|25|1000|Euclidean|1.05|-|-|FRONT|20|400|NSGAII/results/AGRICULTURAL_NSGAII_131225_12422218304696603108472266_15_Front
74.79595565842368,25.13990299057609,outputExpAgricultural_Both/exp12/agricultural|FuzzyKMeans|25|1000|Euclidean|1.05|-|-|FRONT|20|400|NSGAII/results/AGRICULTURAL_NSGAII_131225_12422218304696603108472266_15_Front
30.454379339749053,67.47376378721785,outputExpAgricultural_Both/exp12/agricultural|FuzzyKMeans|25|1000|Euclidean|1.05|-|-|FRONT|20|400|NSGAII/results/AGRICULTURAL_NSGAII_131225_12422218304696603108472266_15_Front
47.10683396272385,49.9038827247158,outputExpAgricultural_Both/exp12/agricultural|FuzzyKMeans|25|1000|Euclidean|1.05|-|-|FRONT|20|400|NSGAII/results/AGRICULTURAL_NSGAII_131225_12422218304696603108472266_15_Front
5.676696308929221,93.47923876244899,outputExpAgricultural_Both/exp12/agricultural|FuzzyKMeans|25|1000|Euclidean|1.05|-|-|FRONT|20|400|NSGAII/results/AGRICULTURAL_NSGAII_131225_12422218304696603108472266_15_Front
34.02363259836765,62.02301743446228,outputExpAgricultural_Both/exp12/agricultural|FuzzyKMeans|25|1000|Euclidean|1.05|-|-|FRONT|20|400|NSGAII/results/AGRICULTURAL_NSGAII_131225_12422218304696603108472266_15_Front
53.477890120599334,42.92164587334306,outputExpAgricultural_Both/exp12/agricultural|FuzzyKMeans|25|1000|Euclidean|1.05|-|-|FRONT|20|400|NSGAII/results/AGRICULTURAL_NSGAII_131225_12422218304696603108472266_15_Front
69.63089292240224,29.226882785757553,outputExpAgricultural_Both/exp12/agricultural|FuzzyKMeans|25|1000|Euclidean|1.05|-|-|FRONT|20|400|NSGAII/results/AGRICULTURAL_NSGAII_131225_12422218304696603108472266_15_Front
25.22840784504811,77.30007653696079,outputExpAgricultural_Both/exp12/agricultural|FuzzyKMeans|25|1000|Euclidean|1.05|-|-|FRONT|20|400|NSGAII/results/AGRICULTURAL_NSGAII_131225_12422218304696603108472266_15_Front
22.207333414545012,78.36718019993519,outputExpAgricultural_Both/exp12/agricultural|FuzzyKMeans|25|1000|Euclidean|1.05|-|-|FRONT|20|400|NSGAII/results/AGRICULTURAL_NSGAII_131225_12422218304696603108472266_15_Front
48.73918869533439,45.88489404561228,outputExpAgricultural_Both/exp12/agricultural|FuzzyKMeans|25|1000|Euclidean|1.05|-|-|FRONT|20|400|NSGAII/results/AGRICULTURAL_NSGAII_131225_12422218304696603108472266_15_Front
59.73931051285174,33.67541754903296,outputExpAgricultural_Both/exp12/agricultural|FuzzyKMeans|25|1000|Euclidean|1.05|-|-|FRONT|20|400|NSGAII/results/AGRICULTURAL_NSGAII_131225_12422218304696603108472266_15_Front
67.03617980265562,32.70992491865013,outputExpAgricultural_Both/exp12/agricultural|FuzzyKMeans|25|1000|Euclidean|1.05|-|-|FRONT|20|400|NSGAII/results/AGRICULTURAL_NSGAII_131225_12422218304696603108472266_15_Front
39.700328907296864,59.059487531049115,outputExpAgricultural_Both/exp12/agricultural|FuzzyKMeans|25|1000|Euclidean|1.05|-|-|FRONT|20|400|NSGAII/results/AGRICULTURAL_NSGAII_131225_12422218304696603108472266_15_Front
0.0,99.99624358474706,outputExpAgricultural_Both/exp12/agricultural|FuzzyKMeans|25|1000|Euclidean|1.05|-|-|FRONT|20|400|NSGAII/results/AGRICULTURAL_NSGAII_131225_12423612036089831587457744_16_Front
82.67754903155074,9.001779601726081,outputExpAgricultural_Both/exp12/agricultural|FuzzyKMeans|25|1000|Euclidean|1.05|-|-|FRONT|20|400|NSGAII/results/AGRICULTURAL_NSGAII_131225_12423612036089831587457744_16_Front
18.272627603849436,83.75782390864399,outputExpAgricultural_Both/exp12/agricultural|FuzzyKMeans|25|1000|Euclidean|1.05|-|-|FRONT|20|400|NSGAII/results/AGRICULTURAL_NSGAII_131225_12423612036089831587457744_16_Front
74.79595565842368,25.13990299057609,outputExpAgricultural_Both/exp12/agricultural|FuzzyKMeans|25|1000|Euclidean|1.05|-|-|FRONT|20|400|NSGAII/results/AGRICULTURAL_NSGAII_131225_12423612036089831587457744_16_Front
53.477890120599334,42.92164587334306,outputExpAgricultural_Both/exp12/agricultural|FuzzyKMeans|25|1000|Euclidean|1.05|-|-|FRONT|20|400|NSGAII/results/AGRICULTURAL_NSGAII_131225_12423612036089831587457744_16_Front
30.454379339749053,67.47376378721785,outputExpAgricultural_Both/exp12/agricultural|FuzzyKMeans|25|1000|Euclidean|1.05|-|-|FRONT|20|400|NSGAII/results/AGRICULTURAL_NSGAII_131225_12423612036089831587457744_16_Front
5.676696308929221,93.47923876244899,outputExpAgricultural_Both/exp12/agricultural|FuzzyKMeans|25|1000|Euclidean|1.05|-|-|FRONT|20|400|NSGAII/results/AGRICULTURAL_NSGAII_131225_12423612036089831587457744_16_Front
39.700328907296864,59.059487531049115,outputExpAgricultural_Both/exp12/agricultural|FuzzyKMeans|25|1000|Euclidean|1.05|-|-|FRONT|20|400|NSGAII/results/AGRICULTURAL_NSGAII_131225_12423612036089831587457744_16_Front
44.15885004263614,55.29415079189929,outputExpAgricultural_Both/exp12/agricultural|FuzzyKMeans|25|1000|Euclidean|1.05|-|-|FRONT|20|400|NSGAII/results/AGRICULTURAL_NSGAII_131225_12423612036089831587457744_16_Front
59.73931051285174,33.67541754903296,outputExpAgricultural_Both/exp12/agricultural|FuzzyKMeans|25|1000|Euclidean|1.05|-|-|FRONT|20|400|NSGAII/results/AGRICULTURAL_NSGAII_131225_12423612036089831587457744_16_Front
69.63089292240224,29.226882785757553,outputExpAgricultural_Both/exp12/agricultural|FuzzyKMeans|25|1000|Euclidean|1.05|-|-|FRONT|20|400|NSGAII/results/AGRICULTURAL_NSGAII_131225_12423612036089831587457744_16_Front
0.986721890607869,98.91890369020841,outputExpAgricultural_Both/exp12/agricultural|FuzzyKMeans|25|1000|Euclidean|1.05|-|-|FRONT|20|400|NSGAII/results/AGRICULTURAL_NSGAII_131225_12423612036089831587457744_16_Front
66.48800097454016,32.958130056487086,outputExpAgricultural_Both/exp12/agricultural|FuzzyKMeans|25|1000|Euclidean|1.05|-|-|FRONT|20|400|NSGAII/results/AGRICULTURAL_NSGAII_131225_12423612036089831587457744_16_Front
34.851991716408826,61.61103259159785,outputExpAgricultural_Both/exp12/agricultural|FuzzyKMeans|25|1000|Euclidean|1.05|-|-|FRONT|20|400|NSGAII/results/AGRICULTURAL_NSGAII_131225_12423612036089831587457744_16_Front
48.787915702277985,45.85503054435153,outputExpAgricultural_Both/exp12/agricultural|FuzzyKMeans|25|1000|Euclidean|1.05|-|-|FRONT|20|400|NSGAII/results/AGRICULTURAL_NSGAII_131225_12423612036089831587457744_16_Front
0.0,99.99624358474706,outputExpAgricultural_Both/exp12/agricultural|FuzzyKMeans|25|1000|Euclidean|1.05|-|-|FRONT|20|400|NSGAII/results/AGRICULTURAL_NSGAII_131225_12424811687337017961029787_17_Front
82.71409428675844,8.960740765087884,outputExpAgricultural_Both/exp12/agricultural|FuzzyKMeans|25|1000|Euclidean|1.05|-|-|FRONT|20|400|NSGAII/results/AGRICULTURAL_NSGAII_131225_12424811687337017961029787_17_Front
74.79595565842368,25.13990299057609,outputExpAgricultural_Both/exp12/agricultural|FuzzyKMeans|25|1000|Euclidean|1.05|-|-|FRONT|20|400|NSGAII/results/AGRICULTURAL_NSGAII_131225_12424811687337017961029787_17_Front
30.454379339749053,67.47376378721785,outputExpAgricultural_Both/exp12/agricultural|FuzzyKMeans|25|1000|Euclidean|1.05|-|-|FRONT|20|400|NSGAII/results/AGRICULTURAL_NSGAII_131225_12424811687337017961029787_17_Front
12.34011450846631,90.58989806028106,outputExpAgricultural_Both/exp12/agricultural|FuzzyKMeans|25|1000|Euclidean|1.05|-|-|FRONT|20|400|NSGAII/results/AGRICULTURAL_NSGAII_131225_12424811687337017961029787_17_Front
18.272627603849436,83.75782390864399,outputExpAgricultural_Both/exp12/agricultural|FuzzyKMeans|25|1000|Euclidean|1.05|-|-|FRONT|20|400|NSGAII/results/AGRICULTURAL_NSGAII_131225_12424811687337017961029787_17_Front
25.22840784504811,77.30007653696079,outputExpAgricultural_Both/exp12/agricultural|FuzzyKMeans|25|1000|Euclidean|1.05|-|-|FRONT|20|400|NSGAII/results/AGRICULTURAL_NSGAII_131225_12424811687337017961029787_17_Front
34.851991716408826,61.61103259159785,outputExpAgricultural_Both/exp12/agricultural|FuzzyKMeans|25|1000|Euclidean|1.05|-|-|FRONT|20|400|NSGAII/results/AGRICULTURAL_NSGAII_131225_12424811687337017961029787_17_Front
39.700328907296864,59.059487531049115,outputExpAgricultural_Both/exp12/agricultural|FuzzyKMeans|25|1000|Euclidean|1.05|-|-|FRONT|20|400|NSGAII/results/AGRICULTURAL_NSGAII_131225_12424811687337017961029787_17_Front
44.15885004263614,55.29415079189929,outputExpAgricultural_Both/exp12/agricultural|FuzzyKMeans|25|1000|Euclidean|1.05|-|-|FRONT|20|400|NSGAII/results/AGRICULTURAL_NSGAII_131225_12424811687337017961029787_17_Front
59.690583505908144,33.71645638567115,outputExpAgricultural_Both/exp12/agricultural|FuzzyKMeans|25|1000|Euclidean|1.05|-|-|FRONT|20|400|NSGAII/results/AGRICULTURAL_NSGAII_131225_12424811687337017961029787_17_Front
22.29260567669632,78.31778333935925,outputExpAgricultural_Both/exp12/agricultural|FuzzyKMeans|25|1000|Euclidean|1.05|-|-|FRONT|20|400|NSGAII/results/AGRICULTURAL_NSGAII_131225_12424811687337017961029787_17_Front
47.17992447313924,49.854579774521184,outputExpAgricultural_Both/exp12/agricultural|FuzzyKMeans|25|1000|Euclidean|1.05|-|-|FRONT|20|400|NSGAII/results/AGRICULTURAL_NSGAII_131225_12424811687337017961029787_17_Front
53.477890120599334,42.92164587334306,outputExpAgricultural_Both/exp12/agricultural|FuzzyKMeans|25|1000|Euclidean|1.05|-|-|FRONT|20|400|NSGAII/results/AGRICULTURAL_NSGAII_131225_12424811687337017961029787_17_Front
5.676696308929221,93.47923876244899,outputExpAgricultural_Both/exp12/agricultural|FuzzyKMeans|25|1000|Euclidean|1.05|-|-|FRONT|20|400|NSGAII/results/AGRICULTURAL_NSGAII_131225_12424811687337017961029787_17_Front
82.67754903155074,9.001779601726081,outputExpAgricultural_Both/exp12/agricultural|FuzzyKMeans|25|1000|Euclidean|1.05|-|-|FRONT|20|400|NSGAII/results/AGRICULTURAL_NSGAII_131225_12424811687337017961029787_17_Front
0.986721890607869,98.91890369020841,outputExpAgricultural_Both/exp12/agricultural|FuzzyKMeans|25|1000|Euclidean|1.05|-|-|FRONT|20|400|NSGAII/results/AGRICULTURAL_NSGAII_131225_12424811687337017961029787_17_Front
66.48800097454016,32.958130056487086,outputExpAgricultural_Both/exp12/agricultural|FuzzyKMeans|25|1000|Euclidean|1.05|-|-|FRONT|20|400|NSGAII/results/AGRICULTURAL_NSGAII_131225_12424811687337017961029787_17_Front
0.0,99.99624358474706,outputExpAgricultural_Both/exp12/agricultural|FuzzyKMeans|25|1000|Euclidean|1.05|-|-|FRONT|20|400|NSGAII/results/AGRICULTURAL_NSGAII_131225_12433112502727195491622898_18_Front
82.71409428675844,8.960740765087884,outputExpAgricultural_Both/exp12/agricultural|FuzzyKMeans|25|1000|Euclidean|1.05|-|-|FRONT|20|400|NSGAII/results/AGRICULTURAL_NSGAII_131225_12433112502727195491622898_18_Front
66.48800097454016,32.958130056487086,outputExpAgricultural_Both/exp12/agricultural|FuzzyKMeans|25|1000|Euclidean|1.05|-|-|FRONT|20|400|NSGAII/results/AGRICULTURAL_NSGAII_131225_12433112502727195491622898_18_Front
30.454379339749053,67.47376378721785,outputExpAgricultural_Both/exp12/agricultural|FuzzyKMeans|25|1000|Euclidean|1.05|-|-|FRONT|20|400|NSGAII/results/AGRICULTURAL_NSGAII_131225_12433112502727195491622898_18_Front
12.34011450846631,90.58989806028106,outputExpAgricultural_Both/exp12/agricultural|FuzzyKMeans|25|1000|Euclidean|1.05|-|-|FRONT|20|400|NSGAII/results/AGRICULTURAL_NSGAII_131225_12433112502727195491622898_18_Front
74.79595565842368,25.13990299057609,outputExpAgricultural_Both/exp12/agricultural|FuzzyKMeans|25|1000|Euclidean|1.05|-|-|FRONT|20|400|NSGAII/results/AGRICULTURAL_NSGAII_131225_12433112502727195491622898_18_Front
18.272627603849436,83.75782390864399,outputExpAgricultural_Both/exp12/agricultural|FuzzyKMeans|25|1000|Euclidean|1.05|-|-|FRONT|20|400|NSGAII/results/AGRICULTURAL_NSGAII_131225_12433112502727195491622898_18_Front
25.22840784504811,77.30007653696079,outputExpAgricultural_Both/exp12/agricultural|FuzzyKMeans|25|1000|Euclidean|1.05|-|-|FRONT|20|400|NSGAII/results/AGRICULTURAL_NSGAII_131225_12433112502727195491622898_18_Front
74.74722865148009,25.18967549267733,outputExpAgricultural_Both/exp12/agricultural|FuzzyKMeans|25|1000|Euclidean|1.05|-|-|FRONT|20|400|NSGAII/results/AGRICULTURAL_NSGAII_131225_12433112502727195491622898_18_Front
39.700328907296864,59.059487531049115,outputExpAgricultural_Both/exp12/agricultural|FuzzyKMeans|25|1000|Euclidean|1.05|-|-|FRONT|20|400|NSGAII/results/AGRICULTURAL_NSGAII_131225_12433112502727195491622898_18_Front
59.690583505908144,33.71645638567115,outputExpAgricultural_Both/exp12/agricultural|FuzzyKMeans|25|1000|Euclidean|1.05|-|-|FRONT|20|400|NSGAII/results/AGRICULTURAL_NSGAII_131225_12433112502727195491622898_18_Front
52.01607991229139,47.3260427573966,outputExpAgricultural_Both/exp12/agricultural|FuzzyKMeans|25|1000|Euclidean|1.05|-|-|FRONT|20|400|NSGAII/results/AGRICULTURAL_NSGAII_131225_12433112502727195491622898_18_Front
82.67754903155074,9.001779601726081,outputExpAgricultural_Both/exp12/agricultural|FuzzyKMeans|25|1000|Euclidean|1.05|-|-|FRONT|20|400|NSGAII/results/AGRICULTURAL_NSGAII_131225_12433112502727195491622898_18_Front
53.477890120599334,42.92164587334306,outputExpAgricultural_Both/exp12/agricultural|FuzzyKMeans|25|1000|Euclidean|1.05|-|-|FRONT|20|400|NSGAII/results/AGRICULTURAL_NSGAII_131225_12433112502727195491622898_18_Front
47.17992447313924,49.854579774521184,outputExpAgricultural_Both/exp12/agricultural|FuzzyKMeans|25|1000|Euclidean|1.05|-|-|FRONT|20|400|NSGAII/results/AGRICULTURAL_NSGAII_131225_12433112502727195491622898_18_Front
34.851991716408826,61.61103259159785,outputExpAgricultural_Both/exp12/agricultural|FuzzyKMeans|25|1000|Euclidean|1.05|-|-|FRONT|20|400|NSGAII/results/AGRICULTURAL_NSGAII_131225_12433112502727195491622898_18_Front
0.0,99.99624358474706,outputExpAgricultural_Both/exp12/agricultural|FuzzyKMeans|25|1000|Euclidean|1.05|-|-|FRONT|20|400|NSGAII/results/AGRICULTURAL_NSGAII_131225_12552718359813380533459954_19_Front
82.71409428675844,8.960740765087884,outputExpAgricultural_Both/exp12/agricultural|FuzzyKMeans|25|1000|Euclidean|1.05|-|-|FRONT|20|400|NSGAII/results/AGRICULTURAL_NSGAII_131225_12552718359813380533459954_19_Front
47.17992447313924,49.854579774521184,outputExpAgricultural_Both/exp12/agricultural|FuzzyKMeans|25|1000|Euclidean|1.05|-|-|FRONT|20|400|NSGAII/results/AGRICULTURAL_NSGAII_131225_12552718359813380533459954_19_Front
59.690583505908144,33.71645638567115,outputExpAgricultural_Both/exp12/agricultural|FuzzyKMeans|25|1000|Euclidean|1.05|-|-|FRONT|20|400|NSGAII/results/AGRICULTURAL_NSGAII_131225_12552718359813380533459954_19_Front
18.272627603849436,83.75782390864399,outputExpAgricultural_Both/exp12/agricultural|FuzzyKMeans|25|1000|Euclidean|1.05|-|-|FRONT|20|400|NSGAII/results/AGRICULTURAL_NSGAII_131225_12552718359813380533459954_19_Front
82.67754903155074,9.001779601726081,outputExpAgricultural_Both/exp12/agricultural|FuzzyKMeans|25|1000|Euclidean|1.05|-|-|FRONT|20|400|NSGAII/results/AGRICULTURAL_NSGAII_131225_12552718359813380533459954_19_Front
5.847240833231824,93.99358592095562,outputExpAgricultural_Both/exp12/agricultural|FuzzyKMeans|25|1000|Euclidean|1.05|-|-|FRONT|20|400|NSGAII/results/AGRICULTURAL_NSGAII_131225_12552718359813380533459954_19_Front
53.477890120599334,42.92164587334306,outputExpAgricultural_Both/exp12/agricultural|FuzzyKMeans|25|1000|Euclidean|1.05|-|-|FRONT|20|400|NSGAII/results/AGRICULTURAL_NSGAII_131225_12552718359813380533459954_19_Front
66.48800097454016,32.958130056487086,outputExpAgricultural_Both/exp12/agricultural|FuzzyKMeans|25|1000|Euclidean|1.05|-|-|FRONT|20|400|NSGAII/results/AGRICULTURAL_NSGAII_131225_12552718359813380533459954_19_Front
34.851991716408826,61.61103259159785,outputExpAgricultural_Both/exp12/agricultural|FuzzyKMeans|25|1000|Euclidean|1.05|-|-|FRONT|20|400|NSGAII/results/AGRICULTURAL_NSGAII_131225_12552718359813380533459954_19_Front
25.22840784504811,77.30007653696079,outputExpAgricultural_Both/exp12/agricultural|FuzzyKMeans|25|1000|Euclidean|1.05|-|-|FRONT|20|400|NSGAII/results/AGRICULTURAL_NSGAII_131225_12552718359813380533459954_19_Front
72.89560238762334,30.58003747024215,outputExpAgricultural_Both/exp12/agricultural|FuzzyKMeans|25|1000|Euclidean|1.05|-|-|FRONT|20|400|NSGAII/results/AGRICULTURAL_NSGAII_131225_12552718359813380533459954_19_Front
30.454379339749053,67.47376378721785,outputExpAgricultural_Both/exp12/agricultural|FuzzyKMeans|25|1000|Euclidean|1.05|-|-|FRONT|20|400|NSGAII/results/AGRICULTURAL_NSGAII_131225_12552718359813380533459954_19_Front
23.328054574247776,77.79723809568527,outputExpAgricultural_Both/exp12/agricultural|FuzzyKMeans|25|1000|Euclidean|1.05|-|-|FRONT|20|400|NSGAII/results/AGRICULTURAL_NSGAII_131225_12552718359813380533459954_19_Front
12.34011450846631,90.58989806028106,outputExpAgricultural_Both/exp12/agricultural|FuzzyKMeans|25|1000|Euclidean|1.05|-|-|FRONT|20|400|NSGAII/results/AGRICULTURAL_NSGAII_131225_12552718359813380533459954_19_Front
52.01607991229139,47.3260427573966,outputExpAgricultural_Both/exp12/agricultural|FuzzyKMeans|25|1000|Euclidean|1.05|-|-|FRONT|20|400|NSGAII/results/AGRICULTURAL_NSGAII_131225_12552718359813380533459954_19_Front
0.0,99.99624358474706,outputExpAgricultural_Both/exp12/agricultural|FuzzyKMeans|25|1000|Euclidean|1.05|-|-|FRONT|20|400|NSGAII/results/AGRICULTURAL_NSGAII_131225_1255517173492448355800785_20_Front
82.71409428675844,8.960740765087884,outputExpAgricultural_Both/exp12/agricultural|FuzzyKMeans|25|1000|Euclidean|1.05|-|-|FRONT|20|400|NSGAII/results/AGRICULTURAL_NSGAII_131225_1255517173492448355800785_20_Front
74.79595565842368,25.13990299057609,outputExpAgricultural_Both/exp12/agricultural|FuzzyKMeans|25|1000|Euclidean|1.05|-|-|FRONT|20|400|NSGAII/results/AGRICULTURAL_NSGAII_131225_1255517173492448355800785_20_Front
30.454379339749053,67.47376378721785,outputExpAgricultural_Both/exp12/agricultural|FuzzyKMeans|25|1000|Euclidean|1.05|-|-|FRONT|20|400|NSGAII/results/AGRICULTURAL_NSGAII_131225_1255517173492448355800785_20_Front
59.690583505908144,33.71645638567115,outputExpAgricultural_Both/exp12/agricultural|FuzzyKMeans|25|1000|Euclidean|1.05|-|-|FRONT|20|400|NSGAII/results/AGRICULTURAL_NSGAII_131225_1255517173492448355800785_20_Front
82.67754903155074,9.001779601726081,outputExpAgricultural_Both/exp12/agricultural|FuzzyKMeans|25|1000|Euclidean|1.05|-|-|FRONT|20|400|NSGAII/results/AGRICULTURAL_NSGAII_131225_1255517173492448355800785_20_Front
53.477890120599334,42.92164587334306,outputExpAgricultural_Both/exp12/agricultural|FuzzyKMeans|25|1000|Euclidean|1.05|-|-|FRONT|20|400|NSGAII/results/AGRICULTURAL_NSGAII_131225_1255517173492448355800785_20_Front
34.851991716408826,61.61103259159785,outputExpAgricultural_Both/exp12/agricultural|FuzzyKMeans|25|1000|Euclidean|1.05|-|-|FRONT|20|400|NSGAII/results/AGRICULTURAL_NSGAII_131225_1255517173492448355800785_20_Front
39.700328907296864,59.059487531049115,outputExpAgricultural_Both/exp12/agricultural|FuzzyKMeans|25|1000|Euclidean|1.05|-|-|FRONT|20|400|NSGAII/results/AGRICULTURAL_NSGAII_131225_1255517173492448355800785_20_Front
44.15885004263614,55.29687419295767,outputExpAgricultural_Both/exp12/agricultural|FuzzyKMeans|25|1000|Euclidean|1.05|-|-|FRONT|20|400|NSGAII/results/AGRICULTURAL_NSGAII_131225_1255517173492448355800785_20_Front
72.89560238762334,30.579943559860823,outputExpAgricultural_Both/exp12/agricultural|FuzzyKMeans|25|1000|Euclidean|1.05|-|-|FRONT|20|400|NSGAII/results/AGRICULTURAL_NSGAII_131225_1255517173492448355800785_20_Front
23.328054574247776,77.79723809568527,outputExpAgricultural_Both/exp12/agricultural|FuzzyKMeans|25|1000|Euclidean|1.05|-|-|FRONT|20|400|NSGAII/results/AGRICULTURAL_NSGAII_131225_1255517173492448355800785_20_Front
12.34011450846631,90.58989806028106,outputExpAgricultural_Both/exp12/agricultural|FuzzyKMeans|25|1000|Euclidean|1.05|-|-|FRONT|20|400|NSGAII/results/AGRICULTURAL_NSGAII_131225_1255517173492448355800785_20_Front
52.01607991229139,47.3260427573966,outputExpAgricultural_Both/exp12/agricultural|FuzzyKMeans|25|1000|Euclidean|1.05|-|-|FRONT|20|400|NSGAII/results/AGRICULTURAL_NSGAII_131225_1255517173492448355800785_20_Front
5.847240833231824,93.99358592095562,outputExpAgricultural_Both/exp12/agricultural|FuzzyKMeans|25|1000|Euclidean|1.05|-|-|FRONT|20|400|NSGAII/results/AGRICULTURAL_NSGAII_131225_1255517173492448355800785_20_Front
18.272627603849436,83.75782390864399,outputExpAgricultural_Both/exp12/agricultural|FuzzyKMeans|25|1000|Euclidean|1.05|-|-|FRONT|20|400|NSGAII/results/AGRICULTURAL_NSGAII_131225_1255517173492448355800785_20_Front
37.03252527713486,73.05598467382576,outputExpAgricultural_Both/exp12/agricultural|DBSCAN|25|-|-|-|0.2|2|FRONT|20|400|NSGAII/results/AGRICULTURAL_NSGAII_131225_13153118207738931299274197_1_Front
2.399805091972232,97.50639764472763,outputExpAgricultural_Both/exp12/agricultural|DBSCAN|25|-|-|-|0.2|2|FRONT|20|400|NSGAII/results/AGRICULTURAL_NSGAII_131225_13153118207738931299274197_1_Front
52.62516749908638,72.02174964431441,outputExpAgricultural_Both/exp12/agricultural|DBSCAN|25|-|-|-|0.2|2|FRONT|20|400|NSGAII/results/AGRICULTURAL_NSGAII_131225_13153118207738931299274197_1_Front
55.914240467779265,70.02915917340083,outputExpAgricultural_Both/exp12/agricultural|DBSCAN|25|-|-|-|0.2|2|FRONT|20|400|NSGAII/results/AGRICULTURAL_NSGAII_131225_13153118207738931299274197_1_Front
4.336703617980262,95.75947673135526,outputExpAgricultural_Both/exp12/agricultural|DBSCAN|25|-|-|-|0.2|2|FRONT|20|400|NSGAII/results/AGRICULTURAL_NSGAII_131225_13153118207738931299274197_1_Front
19.722256060421493,82.69100197681352,outputExpAgricultural_Both/exp12/agricultural|DBSCAN|25|-|-|-|0.2|2|FRONT|20|400|NSGAII/results/AGRICULTURAL_NSGAII_131225_13153118207738931299274197_1_Front
19.003532708003416,82.94794078011353,outputExpAgricultural_Both/exp12/agricultural|DBSCAN|25|-|-|-|0.2|2|FRONT|20|400|NSGAII/results/AGRICULTURAL_NSGAII_131225_13153118207738931299274197_1_Front
25.63040565233281,76.80770440768374,outputExpAgricultural_Both/exp12/agricultural|DBSCAN|25|-|-|-|0.2|2|FRONT|20|400|NSGAII/results/AGRICULTURAL_NSGAII_131225_13153118207738931299274197_1_Front
57.242051406992324,50.51880790161947,outputExpAgricultural_Both/exp12/agricultural|DBSCAN|25|-|-|-|0.2|2|FRONT|20|400|NSGAII/results/AGRICULTURAL_NSGAII_131225_13153118207738931299274197_1_Front
69.85016445364845,46.36317961769084,outputExpAgricultural_Both/exp12/agricultural|DBSCAN|25|-|-|-|0.2|2|FRONT|20|400|NSGAII/results/AGRICULTURAL_NSGAII_131225_13153118207738931299274197_1_Front
29.46765744914119,75.0607834943114,outputExpAgricultural_Both/exp12/agricultural|DBSCAN|25|-|-|-|0.2|2|FRONT|20|400|NSGAII/results/AGRICULTURAL_NSGAII_131225_13153118207738931299274197_1_Front
2.399805091972232,97.50639764472763,outputExpAgricultural_Both/exp12/agricultural|DBSCAN|25|-|-|-|0.2|2|FRONT|20|400|NSGAII/results/AGRICULTURAL_NSGAII_131225_13160611666485236198109607_2_Front
80.87464977463759,46.19292009635206,outputExpAgricultural_Both/exp12/agricultural|DBSCAN|25|-|-|-|0.2|2|FRONT|20|400|NSGAII/results/AGRICULTURAL_NSGAII_131225_13160611666485236198109607_2_Front
45.243025947131194,61.06625846954251,outputExpAgricultural_Both/exp12/agricultural|DBSCAN|25|-|-|-|0.2|2|FRONT|20|400|NSGAII/results/AGRICULTURAL_NSGAII_131225_13160611666485236198109607_2_Front
57.242051406992324,50.51880790161947,outputExpAgricultural_Both/exp12/agricultural|DBSCAN|25|-|-|-|0.2|2|FRONT|20|400|NSGAII/results/AGRICULTURAL_NSGAII_131225_13160611666485236198109607_2_Front
69.85016445364845,46.36317961769084,outputExpAgricultural_Both/exp12/agricultural|DBSCAN|25|-|-|-|0.2|2|FRONT|20|400|NSGAII/results/AGRICULTURAL_NSGAII_131225_13160611666485236198109607_2_Front
4.336703617980262,95.75947673135526,outputExpAgricultural_Both/exp12/agricultural|DBSCAN|25|-|-|-|0.2|2|FRONT|20|400|NSGAII/results/AGRICULTURAL_NSGAII_131225_13160611666485236198109607_2_Front
18.94262394932391,83.49665913818444,outputExpAgricultural_Both/exp12/agricultural|DBSCAN|25|-|-|-|0.2|2|FRONT|20|400|NSGAII/results/AGRICULTURAL_NSGAII_131225_13160611666485236198109607_2_Front
37.03252527713486,73.05598467382576,outputExpAgricultural_Both/exp12/agricultural|DBSCAN|25|-|-|-|0.2|2|FRONT|20|400|NSGAII/results/AGRICULTURAL_NSGAII_131225_13160611666485236198109607_2_Front
25.63040565233281,76.80770440768374,outputExpAgricultural_Both/exp12/agricultural|DBSCAN|25|-|-|-|0.2|2|FRONT|20|400|NSGAII/results/AGRICULTURAL_NSGAII_131225_13160611666485236198109607_2_Front
19.83189182604458,82.60216275608187,outputExpAgricultural_Both/exp12/agricultural|DBSCAN|25|-|-|-|0.2|2|FRONT|20|400|NSGAII/results/AGRICULTURAL_NSGAII_131225_13160611666485236198109607_2_Front
36.94725301498355,73.14482389455743,outputExpAgricultural_Both/exp12/agricultural|DBSCAN|25|-|-|-|0.2|2|FRONT|20|400|NSGAII/results/AGRICULTURAL_NSGAII_131225_13160611666485236198109607_2_Front
29.46765744914119,75.0607834943114,outputExpAgricultural_Both/exp12/agricultural|DBSCAN|25|-|-|-|0.2|2|FRONT|20|400|NSGAII/results/AGRICULTURAL_NSGAII_131225_13160611666485236198109607_2_Front
3.325618223900596,97.03252586057125,outputExpAgricultural_Both/exp12/agricultural|DBSCAN|25|-|-|-|0.2|2|FRONT|20|400|NSGAII/results/AGRICULTURAL_NSGAII_131225_13160611666485236198109607_2_Front
19.24716774272141,82.8131793829149,outputExpAgricultural_Both/exp12/agricultural|DBSCAN|25|-|-|-|0.2|2|FRONT|20|400|NSGAII/results/AGRICULTURAL_NSGAII_131225_13160611666485236198109607_2_Front
19.003532708003416,82.94794078011353,outputExpAgricultural_Both/exp12/agricultural|DBSCAN|25|-|-|-|0.2|2|FRONT|20|400|NSGAII/results/AGRICULTURAL_NSGAII_131225_13160611666485236198109607_2_Front
19.722256060421493,82.69100197681352,outputExpAgricultural_Both/exp12/agricultural|DBSCAN|25|-|-|-|0.2|2|FRONT|20|400|NSGAII/results/AGRICULTURAL_NSGAII_131225_13160611666485236198109607_2_Front
1.0841759044950687,99.54096605609267,outputExpAgricultural_Both/exp12/agricultural|DBSCAN|25|-|-|-|0.2|2|FRONT|20|400|NSGAII/results/AGRICULTURAL_NSGAII_131225_1316324592426101589735268_3_Front
80.87464977463759,46.19292009635206,outputExpAgricultural_Both/exp12/agricultural|DBSCAN|25|-|-|-|0.2|2|FRONT|20|400|NSGAII/results/AGRICULTURAL_NSGAII_131225_1316324592426101589735268_3_Front
57.242051406992324,50.51880790161947,outputExpAgricultural_Both/exp12/agricultural|DBSCAN|25|-|-|-|0.2|2|FRONT|20|400|NSGAII/results/AGRICULTURAL_NSGAII_131225_1316324592426101589735268_3_Front
69.85016445364845,46.36317961769084,outputExpAgricultural_Both/exp12/agricultural|DBSCAN|25|-|-|-|0.2|2|FRONT|20|400|NSGAII/results/AGRICULTURAL_NSGAII_131225_1316324592426101589735268_3_Front
31.173102692167138,72.6078443341519,outputExpAgricultural_Both/exp12/agricultural|DBSCAN|25|-|-|-|0.2|2|FRONT|20|400|NSGAII/results/AGRICULTURAL_NSGAII_131225_1316324592426101589735268_3_Front
4.336703617980262,95.75947673135526,outputExpAgricultural_Both/exp12/agricultural|DBSCAN|25|-|-|-|0.2|2|FRONT|20|400|NSGAII/results/AGRICULTURAL_NSGAII_131225_1316324592426101589735268_3_Front
45.243025947131194,61.06625846954251,outputExpAgricultural_Both/exp12/agricultural|DBSCAN|25|-|-|-|0.2|2|FRONT|20|400|NSGAII/results/AGRICULTURAL_NSGAII_131225_1316324592426101589735268_3_Front
18.272627603849436,83.75049889890077,outputExpAgricultural_Both/exp12/agricultural|DBSCAN|25|-|-|-|0.2|2|FRONT|20|400|NSGAII/results/AGRICULTURAL_NSGAII_131225_1316324592426101589735268_3_Front
46.290656596418565,60.33394531598495,outputExpAgricultural_Both/exp12/agricultural|DBSCAN|25|-|-|-|0.2|2|FRONT|20|400|NSGAII/results/AGRICULTURAL_NSGAII_131225_1316324592426101589735268_3_Front
19.710074308685595,82.33761721189468,outputExpAgricultural_Both/exp12/agricultural|DBSCAN|25|-|-|-|0.2|2|FRONT|20|400|NSGAII/results/AGRICULTURAL_NSGAII_131225_1316324592426101589735268_3_Front
25.63040565233281,76.80770440768374,outputExpAgricultural_Both/exp12/agricultural|DBSCAN|25|-|-|-|0.2|2|FRONT|20|400|NSGAII/results/AGRICULTURAL_NSGAII_131225_1316324592426101589735268_3_Front
29.46765744914119,75.0607834943114,outputExpAgricultural_Both/exp12/agricultural|DBSCAN|25|-|-|-|0.2|2|FRONT|20|400|NSGAII/results/AGRICULTURAL_NSGAII_131225_1316324592426101589735268_3_Front
2.399805091972232,97.50639764472763,outputExpAgricultural_Both/exp12/agricultural|DBSCAN|25|-|-|-|0.2|2|FRONT|20|400|NSGAII/results/AGRICULTURAL_NSGAII_131225_1316324592426101589735268_3_Front
3.325618223900596,97.03252586057125,outputExpAgricultural_Both/exp12/agricultural|DBSCAN|25|-|-|-|0.2|2|FRONT|20|400|NSGAII/results/AGRICULTURAL_NSGAII_131225_1316324592426101589735268_3_Front
1.0841759044950687,99.54096605609267,outputExpAgricultural_Both/exp12/agricultural|DBSCAN|25|-|-|-|0.2|2|FRONT|20|400|NSGAII/results/AGRICULTURAL_NSGAII_131225_13170813750125672059256082_4_Front
69.63089292240224,29.227258427282855,outputExpAgricultural_Both/exp12/agricultural|DBSCAN|25|-|-|-|0.2|2|FRONT|20|400|NSGAII/results/AGRICULTURAL_NSGAII_131225_13170813750125672059256082_4_Front
43.31830917285906,59.325159999812186,outputExpAgricultural_Both/exp12/agricultural|DBSCAN|25|-|-|-|0.2|2|FRONT|20|400|NSGAII/results/AGRICULTURAL_NSGAII_131225_13170813750125672059256082_4_Front
57.242051406992324,50.51880790161947,outputExpAgricultural_Both/exp12/agricultural|DBSCAN|25|-|-|-|0.2|2|FRONT|20|400|NSGAII/results/AGRICULTURAL_NSGAII_131225_13170813750125672059256082_4_Front
31.173102692167138,72.6078443341519,outputExpAgricultural_Both/exp12/agricultural|DBSCAN|25|-|-|-|0.2|2|FRONT|20|400|NSGAII/results/AGRICULTURAL_NSGAII_131225_13170813750125672059256082_4_Front
9.294676574491415,92.98818137851049,outputExpAgricultural_Both/exp12/agricultural|DBSCAN|25|-|-|-|0.2|2|FRONT|20|400|NSGAII/results/AGRICULTURAL_NSGAII_131225_13170813750125672059256082_4_Front
19.710074308685595,82.33761721189468,outputExpAgricultural_Both/exp12/agricultural|DBSCAN|25|-|-|-|0.2|2|FRONT|20|400|NSGAII/results/AGRICULTURAL_NSGAII_131225_13170813750125672059256082_4_Front
18.272627603849436,83.75049889890077,outputExpAgricultural_Both/exp12/agricultural|DBSCAN|25|-|-|-|0.2|2|FRONT|20|400|NSGAII/results/AGRICULTURAL_NSGAII_131225_13170813750125672059256082_4_Front
25.63040565233281,76.80770440768374,outputExpAgricultural_Both/exp12/agricultural|DBSCAN|25|-|-|-|0.2|2|FRONT|20|400|NSGAII/results/AGRICULTURAL_NSGAII_131225_13170813750125672059256082_4_Front
4.592520404434152,95.52507641957278,outputExpAgricultural_Both/exp12/agricultural|DBSCAN|25|-|-|-|0.2|2|FRONT|20|400|NSGAII/results/AGRICULTURAL_NSGAII_131225_13170813750125672059256082_4_Front
27.189669874527954,75.3791396869967,outputExpAgricultural_Both/exp12/agricultural|DBSCAN|25|-|-|-|0.2|2|FRONT|20|400|NSGAII/results/AGRICULTURAL_NSGAII_131225_13170813750125672059256082_4_Front
29.46765744914119,75.0607834943114,outputExpAgricultural_Both/exp12/agricultural|DBSCAN|25|-|-|-|0.2|2|FRONT|20|400|NSGAII/results/AGRICULTURAL_NSGAII_131225_13170813750125672059256082_4_Front
1.6810817395541522,98.33562631181064,outputExpAgricultural_Both/exp12/agricultural|DBSCAN|25|-|-|-|0.2|2|FRONT|20|400|NSGAII/results/AGRICULTURAL_NSGAII_131225_13170813750125672059256082_4_Front
4.336703617980262,95.75947673135526,outputExpAgricultural_Both/exp12/agricultural|DBSCAN|25|-|-|-|0.2|2|FRONT|20|400|NSGAII/results/AGRICULTURAL_NSGAII_131225_13170813750125672059256082_4_Front
0.730905104153978,99.15095624245782,outputExpAgricultural_Both/exp12/agricultural|DBSCAN|25|-|-|-|0.2|2|FRONT|20|400|NSGAII/results/AGRICULTURAL_NSGAII_131225_1317472625183885300966008_5_Front
70.16688999878184,28.89922946532126,outputExpAgricultural_Both/exp12/agricultural|DBSCAN|25|-|-|-|0.2|2|FRONT|20|400|NSGAII/results/AGRICULTURAL_NSGAII_131225_1317472625183885300966008_5_Front
57.704957972956514,49.27956650967982,outputExpAgricultural_Both/exp12/agricultural|DBSCAN|25|-|-|-|0.2|2|FRONT|20|400|NSGAII/results/AGRICULTURAL_NSGAII_131225_1317472625183885300966008_5_Front
43.31830917285906,59.325159999812186,outputExpAgricultural_Both/exp12/agricultural|DBSCAN|25|-|-|-|0.2|2|FRONT|20|400|NSGAII/results/AGRICULTURAL_NSGAII_131225_1317472625183885300966008_5_Front
9.294676574491415,92.98818137851049,outputExpAgricultural_Both/exp12/agricultural|DBSCAN|25|-|-|-|0.2|2|FRONT|20|400|NSGAII/results/AGRICULTURAL_NSGAII_131225_1317472625183885300966008_5_Front
31.173102692167138,72.6078443341519,outputExpAgricultural_Both/exp12/agricultural|DBSCAN|25|-|-|-|0.2|2|FRONT|20|400|NSGAII/results/AGRICULTURAL_NSGAII_131225_1317472625183885300966008_5_Front
40.90632232915093,60.29769590879424,outputExpAgricultural_Both/exp12/agricultural|DBSCAN|25|-|-|-|0.2|2|FRONT|20|400|NSGAII/results/AGRICULTURAL_NSGAII_131225_1317472625183885300966008_5_Front
56.58423681325375,50.80448328160436,outputExpAgricultural_Both/exp12/agricultural|DBSCAN|25|-|-|-|0.2|2|FRONT|20|400|NSGAII/results/AGRICULTURAL_NSGAII_131225_1317472625183885300966008_5_Front
69.63089292240224,29.227258427282855,outputExpAgricultural_Both/exp12/agricultural|DBSCAN|25|-|-|-|0.2|2|FRONT|20|400|NSGAII/results/AGRICULTURAL_NSGAII_131225_1317472625183885300966008_5_Front
18.272627603849436,83.75049889890077,outputExpAgricultural_Both/exp12/agricultural|DBSCAN|25|-|-|-|0.2|2|FRONT|20|400|NSGAII/results/AGRICULTURAL_NSGAII_131225_1317472625183885300966008_5_Front
25.63040565233281,76.80770440768374,outputExpAgricultural_Both/exp12/agricultural|DBSCAN|25|-|-|-|0.2|2|FRONT|20|400|NSGAII/results/AGRICULTURAL_NSGAII_131225_1317472625183885300966008_5_Front
19.710074308685595,82.33761721189468,outputExpAgricultural_Both/exp12/agricultural|DBSCAN|25|-|-|-|0.2|2|FRONT|20|400|NSGAII/results/AGRICULTURAL_NSGAII_131225_1317472625183885300966008_5_Front
4.592520404434152,95.52507641957278,outputExpAgricultural_Both/exp12/agricultural|DBSCAN|25|-|-|-|0.2|2|FRONT|20|400|NSGAII/results/AGRICULTURAL_NSGAII_131225_1317472625183885300966008_5_Front
1.6810817395541522,98.33562631181064,outputExpAgricultural_Both/exp12/agricultural|DBSCAN|25|-|-|-|0.2|2|FRONT|20|400|NSGAII/results/AGRICULTURAL_NSGAII_131225_1317472625183885300966008_5_Front
0.730905104153978,99.15095624245782,outputExpAgricultural_Both/exp12/agricultural|DBSCAN|25|-|-|-|0.2|2|FRONT|20|400|NSGAII/results/AGRICULTURAL_NSGAII_131225_1318274429877820404708698_6_Front
70.16688999878184,28.89922946532126,outputExpAgricultural_Both/exp12/agricultural|DBSCAN|25|-|-|-|0.2|2|FRONT|20|400|NSGAII/results/AGRICULTURAL_NSGAII_131225_1318274429877820404708698_6_Front
61.4203922524059,38.65886584432476,outputExpAgricultural_Both/exp12/agricultural|DBSCAN|25|-|-|-|0.2|2|FRONT|20|400|NSGAII/results/AGRICULTURAL_NSGAII_131225_1318274429877820404708698_6_Front
31.173102692167138,72.6078443341519,outputExpAgricultural_Both/exp12/agricultural|DBSCAN|25|-|-|-|0.2|2|FRONT|20|400|NSGAII/results/AGRICULTURAL_NSGAII_131225_1318274429877820404708698_6_Front
43.31830917285906,59.325159999812186,outputExpAgricultural_Both/exp12/agricultural|DBSCAN|25|-|-|-|0.2|2|FRONT|20|400|NSGAII/results/AGRICULTURAL_NSGAII_131225_1318274429877820404708698_6_Front
69.63089292240224,29.226507144232272,outputExpAgricultural_Both/exp12/agricultural|DBSCAN|25|-|-|-|0.2|2|FRONT|20|400|NSGAII/results/AGRICULTURAL_NSGAII_131225_1318274429877820404708698_6_Front
56.58423681325375,50.80448328160436,outputExpAgricultural_Both/exp12/agricultural|DBSCAN|25|-|-|-|0.2|2|FRONT|20|400|NSGAII/results/AGRICULTURAL_NSGAII_131225_1318274429877820404708698_6_Front
57.704957972956514,49.27956650967982,outputExpAgricultural_Both/exp12/agricultural|DBSCAN|25|-|-|-|0.2|2|FRONT|20|400|NSGAII/results/AGRICULTURAL_NSGAII_131225_1318274429877820404708698_6_Front
4.592520404434152,95.52507641957278,outputExpAgricultural_Both/exp12/agricultural|DBSCAN|25|-|-|-|0.2|2|FRONT|20|400|NSGAII/results/AGRICULTURAL_NSGAII_131225_1318274429877820404708698_6_Front
9.294676574491415,92.98818137851049,outputExpAgricultural_Both/exp12/agricultural|DBSCAN|25|-|-|-|0.2|2|FRONT|20|400|NSGAII/results/AGRICULTURAL_NSGAII_131225_1318274429877820404708698_6_Front
40.90632232915093,60.29769590879424,outputExpAgricultural_Both/exp12/agricultural|DBSCAN|25|-|-|-|0.2|2|FRONT|20|400|NSGAII/results/AGRICULTURAL_NSGAII_131225_1318274429877820404708698_6_Front
18.272627603849436,83.75049889890077,outputExpAgricultural_Both/exp12/agricultural|DBSCAN|25|-|-|-|0.2|2|FRONT|20|400|NSGAII/results/AGRICULTURAL_NSGAII_131225_1318274429877820404708698_6_Front
27.384577902302354,75.14483328559555,outputExpAgricultural_Both/exp12/agricultural|DBSCAN|25|-|-|-|0.2|2|FRONT|20|400|NSGAII/results/AGRICULTURAL_NSGAII_131225_1318274429877820404708698_6_Front
1.6810817395541522,98.33562631181064,outputExpAgricultural_Both/exp12/agricultural|DBSCAN|25|-|-|-|0.2|2|FRONT|20|400|NSGAII/results/AGRICULTURAL_NSGAII_131225_1318274429877820404708698_6_Front
19.710074308685595,82.33761721189468,outputExpAgricultural_Both/exp12/agricultural|DBSCAN|25|-|-|-|0.2|2|FRONT|20|400|NSGAII/results/AGRICULTURAL_NSGAII_131225_1318274429877820404708698_6_Front
0.730905104153978,99.15095624245782,outputExpAgricultural_Both/exp12/agricultural|DBSCAN|25|-|-|-|0.2|2|FRONT|20|400|NSGAII/results/AGRICULTURAL_NSGAII_131225_13190014910848642945697162_7_Front
72.23778779388475,27.511703581272386,outputExpAgricultural_Both/exp12/agricultural|DBSCAN|25|-|-|-|0.2|2|FRONT|20|400|NSGAII/results/AGRICULTURAL_NSGAII_131225_13190014910848642945697162_7_Front
61.4203922524059,38.65886584432476,outputExpAgricultural_Both/exp12/agricultural|DBSCAN|25|-|-|-|0.2|2|FRONT|20|400|NSGAII/results/AGRICULTURAL_NSGAII_131225_13190014910848642945697162_7_Front
43.31830917285906,59.325159999812186,outputExpAgricultural_Both/exp12/agricultural|DBSCAN|25|-|-|-|0.2|2|FRONT|20|400|NSGAII/results/AGRICULTURAL_NSGAII_131225_13190014910848642945697162_7_Front
31.173102692167138,72.6078443341519,outputExpAgricultural_Both/exp12/agricultural|DBSCAN|25|-|-|-|0.2|2|FRONT|20|400|NSGAII/results/AGRICULTURAL_NSGAII_131225_13190014910848642945697162_7_Front
38.98160555487879,62.18003559203452,outputExpAgricultural_Both/exp12/agricultural|DBSCAN|25|-|-|-|0.2|2|FRONT|20|400|NSGAII/results/AGRICULTURAL_NSGAII_131225_13190014910848642945697162_7_Front
56.58423681325375,50.80448328160436,outputExpAgricultural_Both/exp12/agricultural|DBSCAN|25|-|-|-|0.2|2|FRONT|20|400|NSGAII/results/AGRICULTURAL_NSGAII_131225_13190014910848642945697162_7_Front
57.704957972956514,49.27956650967982,outputExpAgricultural_Both/exp12/agricultural|DBSCAN|25|-|-|-|0.2|2|FRONT|20|400|NSGAII/results/AGRICULTURAL_NSGAII_131225_13190014910848642945697162_7_Front
26.41003776343038,75.74313632500504,outputExpAgricultural_Both/exp12/agricultural|DBSCAN|25|-|-|-|0.2|2|FRONT|20|400|NSGAII/results/AGRICULTURAL_NSGAII_131225_13190014910848642945697162_7_Front
19.710074308685595,82.33761721189468,outputExpAgricultural_Both/exp12/agricultural|DBSCAN|25|-|-|-|0.2|2|FRONT|20|400|NSGAII/results/AGRICULTURAL_NSGAII_131225_13190014910848642945697162_7_Front
18.272627603849436,83.75049889890077,outputExpAgricultural_Both/exp12/agricultural|DBSCAN|25|-|-|-|0.2|2|FRONT|20|400|NSGAII/results/AGRICULTURAL_NSGAII_131225_13190014910848642945697162_7_Front
9.294676574491415,92.98818137851049,outputExpAgricultural_Both/exp12/agricultural|DBSCAN|25|-|-|-|0.2|2|FRONT|20|400|NSGAII/results/AGRICULTURAL_NSGAII_131225_13190014910848642945697162_7_Front
69.63089292240224,29.226507144232272,outputExpAgricultural_Both/exp12/agricultural|DBSCAN|25|-|-|-|0.2|2|FRONT|20|400|NSGAII/results/AGRICULTURAL_NSGAII_131225_13190014910848642945697162_7_Front
0.730905104153978,99.15095624245782,outputExpAgricultural_Both/exp12/agricultural|DBSCAN|25|-|-|-|0.2|2|FRONT|20|400|NSGAII/results/AGRICULTURAL_NSGAII_131225_1319438558352792091827167_8_Front
72.50578633207455,27.411313383637992,outputExpAgricultural_Both/exp12/agricultural|DBSCAN|25|-|-|-|0.2|2|FRONT|20|400|NSGAII/results/AGRICULTURAL_NSGAII_131225_1319438558352792091827167_8_Front
43.31830917285906,59.325159999812186,outputExpAgricultural_Both/exp12/agricultural|DBSCAN|25|-|-|-|0.2|2|FRONT|20|400|NSGAII/results/AGRICULTURAL_NSGAII_131225_1319438558352792091827167_8_Front
61.4203922524059,38.65886584432476,outputExpAgricultural_Both/exp12/agricultural|DBSCAN|25|-|-|-|0.2|2|FRONT|20|400|NSGAII/results/AGRICULTURAL_NSGAII_131225_1319438558352792091827167_8_Front
56.58423681325375,50.79687654071721,outputExpAgricultural_Both/exp12/agricultural|DBSCAN|25|-|-|-|0.2|2|FRONT|20|400|NSGAII/results/AGRICULTURAL_NSGAII_131225_1319438558352792091827167_8_Front
26.41003776343038,75.74313632500504,outputExpAgricultural_Both/exp12/agricultural|DBSCAN|25|-|-|-|0.2|2|FRONT|20|400|NSGAII/results/AGRICULTURAL_NSGAII_131225_1319438558352792091827167_8_Front
38.98160555487879,62.17890866745863,outputExpAgricultural_Both/exp12/agricultural|DBSCAN|25|-|-|-|0.2|2|FRONT|20|400|NSGAII/results/AGRICULTURAL_NSGAII_131225_1319438558352792091827167_8_Front
9.294676574491415,92.98818137851049,outputExpAgricultural_Both/exp12/agricultural|DBSCAN|25|-|-|-|0.2|2|FRONT|20|400|NSGAII/results/AGRICULTURAL_NSGAII_131225_1319438558352792091827167_8_Front
31.830917285905713,66.08802220041413,outputExpAgricultural_Both/exp12/agricultural|DBSCAN|25|-|-|-|0.2|2|FRONT|20|400|NSGAII/results/AGRICULTURAL_NSGAII_131225_1319438558352792091827167_8_Front
57.704957972956514,49.27956650967982,outputExpAgricultural_Both/exp12/agricultural|DBSCAN|25|-|-|-|0.2|2|FRONT|20|400|NSGAII/results/AGRICULTURAL_NSGAII_131225_1319438558352792091827167_8_Front
31.173102692167138,72.6078443341519,outputExpAgricultural_Both/exp12/agricultural|DBSCAN|25|-|-|-|0.2|2|FRONT|20|400|NSGAII/results/AGRICULTURAL_NSGAII_131225_1319438558352792091827167_8_Front
19.710074308685595,82.33761721189468,outputExpAgricultural_Both/exp12/agricultural|DBSCAN|25|-|-|-|0.2|2|FRONT|20|400|NSGAII/results/AGRICULTURAL_NSGAII_131225_1319438558352792091827167_8_Front
18.272627603849436,83.75049889890077,outputExpAgricultural_Both/exp12/agricultural|DBSCAN|25|-|-|-|0.2|2|FRONT|20|400|NSGAII/results/AGRICULTURAL_NSGAII_131225_1319438558352792091827167_8_Front
69.63089292240224,29.226507144232272,outputExpAgricultural_Both/exp12/agricultural|DBSCAN|25|-|-|-|0.2|2|FRONT|20|400|NSGAII/results/AGRICULTURAL_NSGAII_131225_1319438558352792091827167_8_Front
0.012181751735898283,99.98995158919841,outputExpAgricultural_Both/exp12/agricultural|DBSCAN|25|-|-|-|0.2|2|FRONT|20|400|NSGAII/results/AGRICULTURAL_NSGAII_131225_1320317496245559745099776_9_Front
72.50578633207455,27.411313383637992,outputExpAgricultural_Both/exp12/agricultural|DBSCAN|25|-|-|-|0.2|2|FRONT|20|400|NSGAII/results/AGRICULTURAL_NSGAII_131225_1320317496245559745099776_9_Front
56.58423681325375,50.79687654071721,outputExpAgricultural_Both/exp12/agricultural|DBSCAN|25|-|-|-|0.2|2|FRONT|20|400|NSGAII/results/AGRICULTURAL_NSGAII_131225_1320317496245559745099776_9_Front
43.31830917285906,59.325159999812186,outputExpAgricultural_Both/exp12/agricultural|DBSCAN|25|-|-|-|0.2|2|FRONT|20|400|NSGAII/results/AGRICULTURAL_NSGAII_131225_1320317496245559745099776_9_Front
31.830917285905713,66.08802220041413,outputExpAgricultural_Both/exp12/agricultural|DBSCAN|25|-|-|-|0.2|2|FRONT|20|400|NSGAII/results/AGRICULTURAL_NSGAII_131225_1320317496245559745099776_9_Front
62.01729808746498,38.43019406580302,outputExpAgricultural_Both/exp12/agricultural|DBSCAN|25|-|-|-|0.2|2|FRONT|20|400|NSGAII/results/AGRICULTURAL_NSGAII_131225_1320317496245559745099776_9_Front
19.710074308685595,82.33761721189468,outputExpAgricultural_Both/exp12/agricultural|DBSCAN|25|-|-|-|0.2|2|FRONT|20|400|NSGAII/results/AGRICULTURAL_NSGAII_131225_1320317496245559745099776_9_Front
31.173102692167138,72.60662349919471,outputExpAgricultural_Both/exp12/agricultural|DBSCAN|25|-|-|-|0.2|2|FRONT|20|400|NSGAII/results/AGRICULTURAL_NSGAII_131225_1320317496245559745099776_9_Front
57.704957972956514,49.27956650967982,outputExpAgricultural_Both/exp12/agricultural|DBSCAN|25|-|-|-|0.2|2|FRONT|20|400|NSGAII/results/AGRICULTURAL_NSGAII_131225_1320317496245559745099776_9_Front
61.4203922524059,38.65886584432476,outputExpAgricultural_Both/exp12/agricultural|DBSCAN|25|-|-|-|0.2|2|FRONT|20|400|NSGAII/results/AGRICULTURAL_NSGAII_131225_1320317496245559745099776_9_Front
4.592520404434152,95.52507641957278,outputExpAgricultural_Both/exp12/agricultural|DBSCAN|25|-|-|-|0.2|2|FRONT|20|400|NSGAII/results/AGRICULTURAL_NSGAII_131225_1320317496245559745099776_9_Front
26.397856011694483,75.74445107034356,outputExpAgricultural_Both/exp12/agricultural|DBSCAN|25|-|-|-|0.2|2|FRONT|20|400|NSGAII/results/AGRICULTURAL_NSGAII_131225_1320317496245559745099776_9_Front
18.272627603849436,83.75049889890077,outputExpAgricultural_Both/exp12/agricultural|DBSCAN|25|-|-|-|0.2|2|FRONT|20|400|NSGAII/results/AGRICULTURAL_NSGAII_131225_1320317496245559745099776_9_Front
9.294676574491415,92.98818137851049,outputExpAgricultural_Both/exp12/agricultural|DBSCAN|25|-|-|-|0.2|2|FRONT|20|400|NSGAII/results/AGRICULTURAL_NSGAII_131225_1320317496245559745099776_9_Front
69.63089292240224,29.226507144232272,outputExpAgricultural_Both/exp12/agricultural|DBSCAN|25|-|-|-|0.2|2|FRONT|20|400|NSGAII/results/AGRICULTURAL_NSGAII_131225_1320317496245559745099776_9_Front
38.98160555487879,62.17890866745863,outputExpAgricultural_Both/exp12/agricultural|DBSCAN|25|-|-|-|0.2|2|FRONT|20|400|NSGAII/results/AGRICULTURAL_NSGAII_131225_1320317496245559745099776_9_Front
0.012181751735898283,99.98995158919841,outputExpAgricultural_Both/exp12/agricultural|DBSCAN|25|-|-|-|0.2|2|FRONT|20|400|NSGAII/results/AGRICULTURAL_NSGAII_131225_1320562644555370597238196_10_Front
72.50578633207455,27.411313383637992,outputExpAgricultural_Both/exp12/agricultural|DBSCAN|25|-|-|-|0.2|2|FRONT|20|400|NSGAII/results/AGRICULTURAL_NSGAII_131225_1320562644555370597238196_10_Front
49.835546351565355,44.510985166855285,outputExpAgricultural_Both/exp12/agricultural|DBSCAN|25|-|-|-|0.2|2|FRONT|20|400|NSGAII/results/AGRICULTURAL_NSGAII_131225_1320562644555370597238196_10_Front
9.294676574491415,92.98818137851049,outputExpAgricultural_Both/exp12/agricultural|DBSCAN|25|-|-|-|0.2|2|FRONT|20|400|NSGAII/results/AGRICULTURAL_NSGAII_131225_1320562644555370597238196_10_Front
44.09794128395663,59.09648822129042,outputExpAgricultural_Both/exp12/agricultural|DBSCAN|25|-|-|-|0.2|2|FRONT|20|400|NSGAII/results/AGRICULTURAL_NSGAII_131225_1320562644555370597238196_10_Front
63.832379096114025,37.03609445506152,outputExpAgricultural_Both/exp12/agricultural|DBSCAN|25|-|-|-|0.2|2|FRONT|20|400|NSGAII/results/AGRICULTURAL_NSGAII_131225_1320562644555370597238196_10_Front
26.397856011694483,75.74445107034356,outputExpAgricultural_Both/exp12/agricultural|DBSCAN|25|-|-|-|0.2|2|FRONT|20|400|NSGAII/results/AGRICULTURAL_NSGAII_131225_1320562644555370597238196_10_Front
61.4203922524059,38.65886584432476,outputExpAgricultural_Both/exp12/agricultural|DBSCAN|25|-|-|-|0.2|2|FRONT|20|400|NSGAII/results/AGRICULTURAL_NSGAII_131225_1320562644555370597238196_10_Front
31.830917285905713,66.08802220041413,outputExpAgricultural_Both/exp12/agricultural|DBSCAN|25|-|-|-|0.2|2|FRONT|20|400|NSGAII/results/AGRICULTURAL_NSGAII_131225_1320562644555370597238196_10_Front
19.710074308685595,82.33761721189468,outputExpAgricultural_Both/exp12/agricultural|DBSCAN|25|-|-|-|0.2|2|FRONT|20|400|NSGAII/results/AGRICULTURAL_NSGAII_131225_1320562644555370597238196_10_Front
31.173102692167138,72.60662349919471,outputExpAgricultural_Both/exp12/agricultural|DBSCAN|25|-|-|-|0.2|2|FRONT|20|400|NSGAII/results/AGRICULTURAL_NSGAII_131225_1320562644555370597238196_10_Front
4.592520404434152,95.52507641957278,outputExpAgricultural_Both/exp12/agricultural|DBSCAN|25|-|-|-|0.2|2|FRONT|20|400|NSGAII/results/AGRICULTURAL_NSGAII_131225_1320562644555370597238196_10_Front
18.272627603849436,83.75049889890077,outputExpAgricultural_Both/exp12/agricultural|DBSCAN|25|-|-|-|0.2|2|FRONT|20|400|NSGAII/results/AGRICULTURAL_NSGAII_131225_1320562644555370597238196_10_Front
38.98160555487879,62.17890866745863,outputExpAgricultural_Both/exp12/agricultural|DBSCAN|25|-|-|-|0.2|2|FRONT|20|400|NSGAII/results/AGRICULTURAL_NSGAII_131225_1320562644555370597238196_10_Front
2.545986112803025,97.32111246237716,outputExpAgricultural_Both/exp12/agricultural|DBSCAN|25|-|-|-|0.2|2|FRONT|20|400|NSGAII/results/AGRICULTURAL_NSGAII_131225_1320562644555370597238196_10_Front
27.360214398830557,75.51587320220314,outputExpAgricultural_Both/exp12/agricultural|DBSCAN|25|-|-|-|0.2|2|FRONT|20|400|NSGAII/results/AGRICULTURAL_NSGAII_131225_1320562644555370597238196_10_Front
40.85759532220734,61.29352159234443,outputExpAgricultural_Both/exp12/agricultural|DBSCAN|25|-|-|-|0.2|2|FRONT|20|400|NSGAII/results/AGRICULTURAL_NSGAII_131225_1320562644555370597238196_10_Front
69.63089292240224,29.226507144232272,outputExpAgricultural_Both/exp12/agricultural|DBSCAN|25|-|-|-|0.2|2|FRONT|20|400|NSGAII/results/AGRICULTURAL_NSGAII_131225_1320562644555370597238196_10_Front
0.012181751735898283,99.98995158919841,outputExpAgricultural_Both/exp12/agricultural|DBSCAN|25|-|-|-|0.2|2|FRONT|20|400|NSGAII/results/AGRICULTURAL_NSGAII_131225_13212817769862581607937641_11_Front
72.50578633207455,27.411313383637992,outputExpAgricultural_Both/exp12/agricultural|DBSCAN|25|-|-|-|0.2|2|FRONT|20|400|NSGAII/results/AGRICULTURAL_NSGAII_131225_13212817769862581607937641_11_Front
49.835546351565355,44.510985166855285,outputExpAgricultural_Both/exp12/agricultural|DBSCAN|25|-|-|-|0.2|2|FRONT|20|400|NSGAII/results/AGRICULTURAL_NSGAII_131225_13212817769862581607937641_11_Front
9.294676574491415,92.98818137851049,outputExpAgricultural_Both/exp12/agricultural|DBSCAN|25|-|-|-|0.2|2|FRONT|20|400|NSGAII/results/AGRICULTURAL_NSGAII_131225_13212817769862581607937641_11_Front
18.272627603849436,83.75040498851945,outputExpAgricultural_Both/exp12/agricultural|DBSCAN|25|-|-|-|0.2|2|FRONT|20|400|NSGAII/results/AGRICULTURAL_NSGAII_131225_13212817769862581607937641_11_Front
31.830917285905713,66.08135456334021,outputExpAgricultural_Both/exp12/agricultural|DBSCAN|25|-|-|-|0.2|2|FRONT|20|400|NSGAII/results/AGRICULTURAL_NSGAII_131225_13212817769862581607937641_11_Front
69.63089292240224,29.226507144232272,outputExpAgricultural_Both/exp12/agricultural|DBSCAN|25|-|-|-|0.2|2|FRONT|20|400|NSGAII/results/AGRICULTURAL_NSGAII_131225_13212817769862581607937641_11_Front
61.4203922524059,38.65886584432476,outputExpAgricultural_Both/exp12/agricultural|DBSCAN|25|-|-|-|0.2|2|FRONT|20|400|NSGAII/results/AGRICULTURAL_NSGAII_131225_13212817769862581607937641_11_Front
44.09794128395663,59.09648822129042,outputExpAgricultural_Both/exp12/agricultural|DBSCAN|25|-|-|-|0.2|2|FRONT|20|400|NSGAII/results/AGRICULTURAL_NSGAII_131225_13212817769862581607937641_11_Front
25.837495431843095,76.57095633636818,outputExpAgricultural_Both/exp12/agricultural|DBSCAN|25|-|-|-|0.2|2|FRONT|20|400|NSGAII/results/AGRICULTURAL_NSGAII_131225_13212817769862581607937641_11_Front
64.41710317943719,36.80751658692111,outputExpAgricultural_Both/exp12/agricultural|DBSCAN|25|-|-|-|0.2|2|FRONT|20|400|NSGAII/results/AGRICULTURAL_NSGAII_131225_13212817769862581607937641_11_Front
19.710074308685595,82.33761721189468,outputExpAgricultural_Both/exp12/agricultural|DBSCAN|25|-|-|-|0.2|2|FRONT|20|400|NSGAII/results/AGRICULTURAL_NSGAII_131225_13212817769862581607937641_11_Front
38.98160555487879,62.17890866745863,outputExpAgricultural_Both/exp12/agricultural|DBSCAN|25|-|-|-|0.2|2|FRONT|20|400|NSGAII/results/AGRICULTURAL_NSGAII_131225_13212817769862581607937641_11_Front
31.173102692167138,72.60662349919471,outputExpAgricultural_Both/exp12/agricultural|DBSCAN|25|-|-|-|0.2|2|FRONT|20|400|NSGAII/results/AGRICULTURAL_NSGAII_131225_13212817769862581607937641_11_Front
4.592520404434152,95.52507641957278,outputExpAgricultural_Both/exp12/agricultural|DBSCAN|25|-|-|-|0.2|2|FRONT|20|400|NSGAII/results/AGRICULTURAL_NSGAII_131225_13212817769862581607937641_11_Front
0.012181751735898283,99.98995158919841,outputExpAgricultural_Both/exp12/agricultural|DBSCAN|25|-|-|-|0.2|2|FRONT|20|400|NSGAII/results/AGRICULTURAL_NSGAII_131225_13215210632854047093388713_12_Front
72.50578633207455,27.411313383637992,outputExpAgricultural_Both/exp12/agricultural|DBSCAN|25|-|-|-|0.2|2|FRONT|20|400|NSGAII/results/AGRICULTURAL_NSGAII_131225_13215210632854047093388713_12_Front
9.294676574491415,92.98818137851049,outputExpAgricultural_Both/exp12/agricultural|DBSCAN|25|-|-|-|0.2|2|FRONT|20|400|NSGAII/results/AGRICULTURAL_NSGAII_131225_13215210632854047093388713_12_Front
18.272627603849436,83.75040498851945,outputExpAgricultural_Both/exp12/agricultural|DBSCAN|25|-|-|-|0.2|2|FRONT|20|400|NSGAII/results/AGRICULTURAL_NSGAII_131225_13215210632854047093388713_12_Front
38.98160555487879,62.17890866745863,outputExpAgricultural_Both/exp12/agricultural|DBSCAN|25|-|-|-|0.2|2|FRONT|20|400|NSGAII/results/AGRICULTURAL_NSGAII_131225_13215210632854047093388713_12_Front
46.826653672798145,59.03910897830199,outputExpAgricultural_Both/exp12/agricultural|DBSCAN|25|-|-|-|0.2|2|FRONT|20|400|NSGAII/results/AGRICULTURAL_NSGAII_131225_13215210632854047093388713_12_Front
50.57863320745524,44.05852494964055,outputExpAgricultural_Both/exp12/agricultural|DBSCAN|25|-|-|-|0.2|2|FRONT|20|400|NSGAII/results/AGRICULTURAL_NSGAII_131225_13215210632854047093388713_12_Front
31.830917285905713,66.08135456334021,outputExpAgricultural_Both/exp12/agricultural|DBSCAN|25|-|-|-|0.2|2|FRONT|20|400|NSGAII/results/AGRICULTURAL_NSGAII_131225_13215210632854047093388713_12_Front
60.786941162139115,39.04155064821641,outputExpAgricultural_Both/exp12/agricultural|DBSCAN|25|-|-|-|0.2|2|FRONT|20|400|NSGAII/results/AGRICULTURAL_NSGAII_131225_13215210632854047093388713_12_Front
69.63089292240224,29.226507144232272,outputExpAgricultural_Both/exp12/agricultural|DBSCAN|25|-|-|-|0.2|2|FRONT|20|400|NSGAII/results/AGRICULTURAL_NSGAII_131225_13215210632854047093388713_12_Front
4.592520404434152,95.52507641957278,outputExpAgricultural_Both/exp12/agricultural|DBSCAN|25|-|-|-|0.2|2|FRONT|20|400|NSGAII/results/AGRICULTURAL_NSGAII_131225_13215210632854047093388713_12_Front
49.835546351565355,44.510985166855285,outputExpAgricultural_Both/exp12/agricultural|DBSCAN|25|-|-|-|0.2|2|FRONT|20|400|NSGAII/results/AGRICULTURAL_NSGAII_131225_13215210632854047093388713_12_Front
24.36350347179924,79.70540313378942,outputExpAgricultural_Both/exp12/agricultural|DBSCAN|25|-|-|-|0.2|2|FRONT|20|400|NSGAII/results/AGRICULTURAL_NSGAII_131225_13215210632854047093388713_12_Front
64.41710317943719,36.80751658692111,outputExpAgricultural_Both/exp12/agricultural|DBSCAN|25|-|-|-|0.2|2|FRONT|20|400|NSGAII/results/AGRICULTURAL_NSGAII_131225_13215210632854047093388713_12_Front
43.31830917285906,59.325159999812186,outputExpAgricultural_Both/exp12/agricultural|DBSCAN|25|-|-|-|0.2|2|FRONT|20|400|NSGAII/results/AGRICULTURAL_NSGAII_131225_13215210632854047093388713_12_Front
19.710074308685595,82.33761721189468,outputExpAgricultural_Both/exp12/agricultural|DBSCAN|25|-|-|-|0.2|2|FRONT|20|400|NSGAII/results/AGRICULTURAL_NSGAII_131225_13215210632854047093388713_12_Front
0.012181751735898283,99.98995158919841,outputExpAgricultural_Both/exp12/agricultural|DBSCAN|25|-|-|-|0.2|2|FRONT|20|400|NSGAII/results/AGRICULTURAL_NSGAII_131225_1323021875367841179728213_13_Front
72.50578633207455,27.411313383637992,outputExpAgricultural_Both/exp12/agricultural|DBSCAN|25|-|-|-|0.2|2|FRONT|20|400|NSGAII/results/AGRICULTURAL_NSGAII_131225_1323021875367841179728213_13_Front
24.36350347179924,79.70540313378942,outputExpAgricultural_Both/exp12/agricultural|DBSCAN|25|-|-|-|0.2|2|FRONT|20|400|NSGAII/results/AGRICULTURAL_NSGAII_131225_1323021875367841179728213_13_Front
18.272627603849436,83.75040498851945,outputExpAgricultural_Both/exp12/agricultural|DBSCAN|25|-|-|-|0.2|2|FRONT|20|400|NSGAII/results/AGRICULTURAL_NSGAII_131225_1323021875367841179728213_13_Front
38.98160555487879,62.17890866745863,outputExpAgricultural_Both/exp12/agricultural|DBSCAN|25|-|-|-|0.2|2|FRONT|20|400|NSGAII/results/AGRICULTURAL_NSGAII_131225_1323021875367841179728213_13_Front
31.830917285905713,66.08135456334021,outputExpAgricultural_Both/exp12/agricultural|DBSCAN|25|-|-|-|0.2|2|FRONT|20|400|NSGAII/results/AGRICULTURAL_NSGAII_131225_1323021875367841179728213_13_Front
10.41539773419418,92.70429029577075,outputExpAgricultural_Both/exp12/agricultural|DBSCAN|25|-|-|-|0.2|2|FRONT|20|400|NSGAII/results/AGRICULTURAL_NSGAII_131225_1323021875367841179728213_13_Front
69.63089292240224,29.226507144232272,outputExpAgricultural_Both/exp12/agricultural|DBSCAN|25|-|-|-|0.2|2|FRONT|20|400|NSGAII/results/AGRICULTURAL_NSGAII_131225_1323021875367841179728213_13_Front
4.592520404434152,95.52507641957278,outputExpAgricultural_Both/exp12/agricultural|DBSCAN|25|-|-|-|0.2|2|FRONT|20|400|NSGAII/results/AGRICULTURAL_NSGAII_131225_1323021875367841179728213_13_Front
54.11134121086613,41.91586568937262,outputExpAgricultural_Both/exp12/agricultural|DBSCAN|25|-|-|-|0.2|2|FRONT|20|400|NSGAII/results/AGRICULTURAL_NSGAII_131225_1323021875367841179728213_13_Front
49.34827628212937,58.606651672309106,outputExpAgricultural_Both/exp12/agricultural|DBSCAN|25|-|-|-|0.2|2|FRONT|20|400|NSGAII/results/AGRICULTURAL_NSGAII_131225_1323021875367841179728213_13_Front
49.835546351565355,44.510985166855285,outputExpAgricultural_Both/exp12/agricultural|DBSCAN|25|-|-|-|0.2|2|FRONT|20|400|NSGAII/results/AGRICULTURAL_NSGAII_131225_1323021875367841179728213_13_Front
19.710074308685595,82.33761721189468,outputExpAgricultural_Both/exp12/agricultural|DBSCAN|25|-|-|-|0.2|2|FRONT|20|400|NSGAII/results/AGRICULTURAL_NSGAII_131225_1323021875367841179728213_13_Front
60.786941162139115,39.04155064821641,outputExpAgricultural_Both/exp12/agricultural|DBSCAN|25|-|-|-|0.2|2|FRONT|20|400|NSGAII/results/AGRICULTURAL_NSGAII_131225_1323021875367841179728213_13_Front
9.294676574491415,92.98818137851049,outputExpAgricultural_Both/exp12/agricultural|DBSCAN|25|-|-|-|0.2|2|FRONT|20|400|NSGAII/results/AGRICULTURAL_NSGAII_131225_1323021875367841179728213_13_Front
0.012181751735898283,99.98995158919841,outputExpAgricultural_Both/exp12/agricultural|DBSCAN|25|-|-|-|0.2|2|FRONT|20|400|NSGAII/results/AGRICULTURAL_NSGAII_131225_13235413391102306140431253_14_Front
72.50578633207455,27.411313383637992,outputExpAgricultural_Both/exp12/agricultural|DBSCAN|25|-|-|-|0.2|2|FRONT|20|400|NSGAII/results/AGRICULTURAL_NSGAII_131225_13235413391102306140431253_14_Front
38.98160555487879,62.17890866745863,outputExpAgricultural_Both/exp12/agricultural|DBSCAN|25|-|-|-|0.2|2|FRONT|20|400|NSGAII/results/AGRICULTURAL_NSGAII_131225_13235413391102306140431253_14_Front
25.38677061761482,78.50410153590428,outputExpAgricultural_Both/exp12/agricultural|DBSCAN|25|-|-|-|0.2|2|FRONT|20|400|NSGAII/results/AGRICULTURAL_NSGAII_131225_13235413391102306140431253_14_Front
18.272627603849436,83.75040498851945,outputExpAgricultural_Both/exp12/agricultural|DBSCAN|25|-|-|-|0.2|2|FRONT|20|400|NSGAII/results/AGRICULTURAL_NSGAII_131225_13235413391102306140431253_14_Front
64.27092215860641,36.766289929520255,outputExpAgricultural_Both/exp12/agricultural|DBSCAN|25|-|-|-|0.2|2|FRONT|20|400|NSGAII/results/AGRICULTURAL_NSGAII_131225_13235413391102306140431253_14_Front
31.830917285905713,66.08135456334021,outputExpAgricultural_Both/exp12/agricultural|DBSCAN|25|-|-|-|0.2|2|FRONT|20|400|NSGAII/results/AGRICULTURAL_NSGAII_131225_13235413391102306140431253_14_Front
49.835546351565355,44.50995215266072,outputExpAgricultural_Both/exp12/agricultural|DBSCAN|25|-|-|-|0.2|2|FRONT|20|400|NSGAII/results/AGRICULTURAL_NSGAII_131225_13235413391102306140431253_14_Front
69.63089292240224,29.226507144232272,outputExpAgricultural_Both/exp12/agricultural|DBSCAN|25|-|-|-|0.2|2|FRONT|20|400|NSGAII/results/AGRICULTURAL_NSGAII_131225_13235413391102306140431253_14_Front
45.53538798879279,60.612859148514566,outputExpAgricultural_Both/exp12/agricultural|DBSCAN|25|-|-|-|0.2|2|FRONT|20|400|NSGAII/results/AGRICULTURAL_NSGAII_131225_13235413391102306140431253_14_Front
49.34827628212937,58.606651672309106,outputExpAgricultural_Both/exp12/agricultural|DBSCAN|25|-|-|-|0.2|2|FRONT|20|400|NSGAII/results/AGRICULTURAL_NSGAII_131225_13235413391102306140431253_14_Front
60.42148861006213,39.65055947109674,outputExpAgricultural_Both/exp12/agricultural|DBSCAN|25|-|-|-|0.2|2|FRONT|20|400|NSGAII/results/AGRICULTURAL_NSGAII_131225_13235413391102306140431253_14_Front
54.11134121086613,41.91586568937262,outputExpAgricultural_Both/exp12/agricultural|DBSCAN|25|-|-|-|0.2|2|FRONT|20|400|NSGAII/results/AGRICULTURAL_NSGAII_131225_13235413391102306140431253_14_Front
10.41539773419418,92.70429029577075,outputExpAgricultural_Both/exp12/agricultural|DBSCAN|25|-|-|-|0.2|2|FRONT|20|400|NSGAII/results/AGRICULTURAL_NSGAII_131225_13235413391102306140431253_14_Front
0.730905104153978,99.15114406322047,outputExpAgricultural_Both/exp12/agricultural|DBSCAN|25|-|-|-|0.2|2|FRONT|20|400|NSGAII/results/AGRICULTURAL_NSGAII_131225_13235413391102306140431253_14_Front
0.012181751735898283,99.98995158919841,outputExpAgricultural_Both/exp12/agricultural|DBSCAN|25|-|-|-|0.2|2|FRONT|20|400|NSGAII/results/AGRICULTURAL_NSGAII_131225_1324291237086002856673317_15_Front
75.86794981118285,16.70130394564467,outputExpAgricultural_Both/exp12/agricultural|DBSCAN|25|-|-|-|0.2|2|FRONT|20|400|NSGAII/results/AGRICULTURAL_NSGAII_131225_1324291237086002856673317_15_Front
44.146668290900244,58.12291929811381,outputExpAgricultural_Both/exp12/agricultural|DBSCAN|25|-|-|-|0.2|2|FRONT|20|400|NSGAII/results/AGRICULTURAL_NSGAII_131225_1324291237086002856673317_15_Front
38.98160555487879,62.17890866745863,outputExpAgricultural_Both/exp12/agricultural|DBSCAN|25|-|-|-|0.2|2|FRONT|20|400|NSGAII/results/AGRICULTURAL_NSGAII_131225_1324291237086002856673317_15_Front
10.41539773419418,92.70429029577075,outputExpAgricultural_Both/exp12/agricultural|DBSCAN|25|-|-|-|0.2|2|FRONT|20|400|NSGAII/results/AGRICULTURAL_NSGAII_131225_1324291237086002856673317_15_Front
64.27092215860641,36.766289929520255,outputExpAgricultural_Both/exp12/agricultural|DBSCAN|25|-|-|-|0.2|2|FRONT|20|400|NSGAII/results/AGRICULTURAL_NSGAII_131225_1324291237086002856673317_15_Front
69.63089292240224,29.226507144232272,outputExpAgricultural_Both/exp12/agricultural|DBSCAN|25|-|-|-|0.2|2|FRONT|20|400|NSGAII/results/AGRICULTURAL_NSGAII_131225_1324291237086002856673317_15_Front
54.11134121086613,41.91586568937262,outputExpAgricultural_Both/exp12/agricultural|DBSCAN|25|-|-|-|0.2|2|FRONT|20|400|NSGAII/results/AGRICULTURAL_NSGAII_131225_1324291237086002856673317_15_Front
49.835546351565355,44.50995215266072,outputExpAgricultural_Both/exp12/agricultural|DBSCAN|25|-|-|-|0.2|2|FRONT|20|400|NSGAII/results/AGRICULTURAL_NSGAII_131225_1324291237086002856673317_15_Front
31.830917285905713,66.08135456334021,outputExpAgricultural_Both/exp12/agricultural|DBSCAN|25|-|-|-|0.2|2|FRONT|20|400|NSGAII/results/AGRICULTURAL_NSGAII_131225_1324291237086002856673317_15_Front
0.730905104153978,99.15114406322047,outputExpAgricultural_Both/exp12/agricultural|DBSCAN|25|-|-|-|0.2|2|FRONT|20|400|NSGAII/results/AGRICULTURAL_NSGAII_131225_1324291237086002856673317_15_Front
29.747837739066874,75.02847832313623,outputExpAgricultural_Both/exp12/agricultural|DBSCAN|25|-|-|-|0.2|2|FRONT|20|400|NSGAII/results/AGRICULTURAL_NSGAII_131225_1324291237086002856673317_15_Front
72.50578633207455,27.411313383637992,outputExpAgricultural_Both/exp12/agricultural|DBSCAN|25|-|-|-|0.2|2|FRONT|20|400|NSGAII/results/AGRICULTURAL_NSGAII_131225_1324291237086002856673317_15_Front
19.624802046534295,82.3819429118792,outputExpAgricultural_Both/exp12/agricultural|DBSCAN|25|-|-|-|0.2|2|FRONT|20|400|NSGAII/results/AGRICULTURAL_NSGAII_131225_1324291237086002856673317_15_Front
18.272627603849436,83.75040498851945,outputExpAgricultural_Both/exp12/agricultural|DBSCAN|25|-|-|-|0.2|2|FRONT|20|400|NSGAII/results/AGRICULTURAL_NSGAII_131225_1324291237086002856673317_15_Front
60.42148861006213,39.65055947109674,outputExpAgricultural_Both/exp12/agricultural|DBSCAN|25|-|-|-|0.2|2|FRONT|20|400|NSGAII/results/AGRICULTURAL_NSGAII_131225_1324291237086002856673317_15_Front
0.012181751735898283,99.98995158919841,outputExpAgricultural_Both/exp12/agricultural|DBSCAN|25|-|-|-|0.2|2|FRONT|20|400|NSGAII/results/AGRICULTURAL_NSGAII_131225_1325217450769728641549435_16_Front
78.40175417224997,15.10304316590678,outputExpAgricultural_Both/exp12/agricultural|DBSCAN|25|-|-|-|0.2|2|FRONT|20|400|NSGAII/results/AGRICULTURAL_NSGAII_131225_1325217450769728641549435_16_Front
44.146668290900244,58.12291929811381,outputExpAgricultural_Both/exp12/agricultural|DBSCAN|25|-|-|-|0.2|2|FRONT|20|400|NSGAII/results/AGRICULTURAL_NSGAII_131225_1325217450769728641549435_16_Front
49.835546351565355,44.50995215266072,outputExpAgricultural_Both/exp12/agricultural|DBSCAN|25|-|-|-|0.2|2|FRONT|20|400|NSGAII/results/AGRICULTURAL_NSGAII_131225_1325217450769728641549435_16_Front
31.830917285905713,66.08135456334021,outputExpAgricultural_Both/exp12/agricultural|DBSCAN|25|-|-|-|0.2|2|FRONT|20|400|NSGAII/results/AGRICULTURAL_NSGAII_131225_1325217450769728641549435_16_Front
18.272627603849436,83.75040498851945,outputExpAgricultural_Both/exp12/agricultural|DBSCAN|25|-|-|-|0.2|2|FRONT|20|400|NSGAII/results/AGRICULTURAL_NSGAII_131225_1325217450769728641549435_16_Front
29.747837739066874,75.02725748817902,outputExpAgricultural_Both/exp12/agricultural|DBSCAN|25|-|-|-|0.2|2|FRONT|20|400|NSGAII/results/AGRICULTURAL_NSGAII_131225_1325217450769728641549435_16_Front
69.63089292240224,29.226507144232272,outputExpAgricultural_Both/exp12/agricultural|DBSCAN|25|-|-|-|0.2|2|FRONT|20|400|NSGAII/results/AGRICULTURAL_NSGAII_131225_1325217450769728641549435_16_Front
72.50578633207455,27.411313383637992,outputExpAgricultural_Both/exp12/agricultural|DBSCAN|25|-|-|-|0.2|2|FRONT|20|400|NSGAII/results/AGRICULTURAL_NSGAII_131225_1325217450769728641549435_16_Front
9.294676574491415,92.98808746812917,outputExpAgricultural_Both/exp12/agricultural|DBSCAN|25|-|-|-|0.2|2|FRONT|20|400|NSGAII/results/AGRICULTURAL_NSGAII_131225_1325217450769728641549435_16_Front
0.730905104153978,99.15114406322047,outputExpAgricultural_Both/exp12/agricultural|DBSCAN|25|-|-|-|0.2|2|FRONT|20|400|NSGAII/results/AGRICULTURAL_NSGAII_131225_1325217450769728641549435_16_Front
60.42148861006213,39.65055947109674,outputExpAgricultural_Both/exp12/agricultural|DBSCAN|25|-|-|-|0.2|2|FRONT|20|400|NSGAII/results/AGRICULTURAL_NSGAII_131225_1325217450769728641549435_16_Front
75.86794981118285,16.70130394564467,outputExpAgricultural_Both/exp12/agricultural|DBSCAN|25|-|-|-|0.2|2|FRONT|20|400|NSGAII/results/AGRICULTURAL_NSGAII_131225_1325217450769728641549435_16_Front
38.98160555487879,62.17890866745863,outputExpAgricultural_Both/exp12/agricultural|DBSCAN|25|-|-|-|0.2|2|FRONT|20|400|NSGAII/results/AGRICULTURAL_NSGAII_131225_1325217450769728641549435_16_Front
19.624802046534295,82.38081598730331,outputExpAgricultural_Both/exp12/agricultural|DBSCAN|25|-|-|-|0.2|2|FRONT|20|400|NSGAII/results/AGRICULTURAL_NSGAII_131225_1325217450769728641549435_16_Front
54.11134121086613,41.91586568937262,outputExpAgricultural_Both/exp12/agricultural|DBSCAN|25|-|-|-|0.2|2|FRONT|20|400|NSGAII/results/AGRICULTURAL_NSGAII_131225_1325217450769728641549435_16_Front
64.27092215860641,36.766289929520255,outputExpAgricultural_Both/exp12/agricultural|DBSCAN|25|-|-|-|0.2|2|FRONT|20|400|NSGAII/results/AGRICULTURAL_NSGAII_131225_1325217450769728641549435_16_Front
0.012181751735898283,99.98976376843575,outputExpAgricultural_Both/exp12/agricultural|DBSCAN|25|-|-|-|0.2|2|FRONT|20|400|NSGAII/results/AGRICULTURAL_NSGAII_131225_13262113743576508795467741_17_Front
78.40175417224997,15.10304316590678,outputExpAgricultural_Both/exp12/agricultural|DBSCAN|25|-|-|-|0.2|2|FRONT|20|400|NSGAII/results/AGRICULTURAL_NSGAII_131225_13262113743576508795467741_17_Front
9.294676574491415,92.98808746812917,outputExpAgricultural_Both/exp12/agricultural|DBSCAN|25|-|-|-|0.2|2|FRONT|20|400|NSGAII/results/AGRICULTURAL_NSGAII_131225_13262113743576508795467741_17_Front
49.835546351565355,44.50995215266072,outputExpAgricultural_Both/exp12/agricultural|DBSCAN|25|-|-|-|0.2|2|FRONT|20|400|NSGAII/results/AGRICULTURAL_NSGAII_131225_13262113743576508795467741_17_Front
31.830917285905713,66.08135456334021,outputExpAgricultural_Both/exp12/agricultural|DBSCAN|25|-|-|-|0.2|2|FRONT|20|400|NSGAII/results/AGRICULTURAL_NSGAII_131225_13262113743576508795467741_17_Front
64.27092215860641,36.766289929520255,outputExpAgricultural_Both/exp12/agricultural|DBSCAN|25|-|-|-|0.2|2|FRONT|20|400|NSGAII/results/AGRICULTURAL_NSGAII_131225_13262113743576508795467741_17_Front
26.41003776343038,75.74313632500504,outputExpAgricultural_Both/exp12/agricultural|DBSCAN|25|-|-|-|0.2|2|FRONT|20|400|NSGAII/results/AGRICULTURAL_NSGAII_131225_13262113743576508795467741_17_Front
44.92630040199781,57.89434142997337,outputExpAgricultural_Both/exp12/agricultural|DBSCAN|25|-|-|-|0.2|2|FRONT|20|400|NSGAII/results/AGRICULTURAL_NSGAII_131225_13262113743576508795467741_17_Front
69.63089292240224,29.226507144232272,outputExpAgricultural_Both/exp12/agricultural|DBSCAN|25|-|-|-|0.2|2|FRONT|20|400|NSGAII/results/AGRICULTURAL_NSGAII_131225_13262113743576508795467741_17_Front
72.50578633207455,27.411313383637992,outputExpAgricultural_Both/exp12/agricultural|DBSCAN|25|-|-|-|0.2|2|FRONT|20|400|NSGAII/results/AGRICULTURAL_NSGAII_131225_13262113743576508795467741_17_Front
75.86794981118285,16.70130394564467,outputExpAgricultural_Both/exp12/agricultural|DBSCAN|25|-|-|-|0.2|2|FRONT|20|400|NSGAII/results/AGRICULTURAL_NSGAII_131225_13262113743576508795467741_17_Front
19.624802046534295,82.38081598730331,outputExpAgricultural_Both/exp12/agricultural|DBSCAN|25|-|-|-|0.2|2|FRONT|20|400|NSGAII/results/AGRICULTURAL_NSGAII_131225_13262113743576508795467741_17_Front
18.272627603849436,83.75040498851945,outputExpAgricultural_Both/exp12/agricultural|DBSCAN|25|-|-|-|0.2|2|FRONT|20|400|NSGAII/results/AGRICULTURAL_NSGAII_131225_13262113743576508795467741_17_Front
6.882689730783287,95.59626048861571,outputExpAgricultural_Both/exp12/agricultural|DBSCAN|25|-|-|-|0.2|2|FRONT|20|400|NSGAII/results/AGRICULTURAL_NSGAII_131225_13262113743576508795467741_17_Front
29.747837739066874,75.02725748817902,outputExpAgricultural_Both/exp12/agricultural|DBSCAN|25|-|-|-|0.2|2|FRONT|20|400|NSGAII/results/AGRICULTURAL_NSGAII_131225_13262113743576508795467741_17_Front
54.11134121086613,41.91586568937262,outputExpAgricultural_Both/exp12/agricultural|DBSCAN|25|-|-|-|0.2|2|FRONT|20|400|NSGAII/results/AGRICULTURAL_NSGAII_131225_13262113743576508795467741_17_Front
2.558167864538923,97.3148204668285,outputExpAgricultural_Both/exp12/agricultural|DBSCAN|25|-|-|-|0.2|2|FRONT|20|400|NSGAII/results/AGRICULTURAL_NSGAII_131225_13262113743576508795467741_17_Front
0.012181751735898283,99.98976376843575,outputExpAgricultural_Both/exp12/agricultural|DBSCAN|25|-|-|-|0.2|2|FRONT|20|400|NSGAII/results/AGRICULTURAL_NSGAII_131225_13265011243134689805478261_18_Front
78.40175417224997,15.10304316590678,outputExpAgricultural_Both/exp12/agricultural|DBSCAN|25|-|-|-|0.2|2|FRONT|20|400|NSGAII/results/AGRICULTURAL_NSGAII_131225_13265011243134689805478261_18_Front
44.92630040199781,57.89434142997337,outputExpAgricultural_Both/exp12/agricultural|DBSCAN|25|-|-|-|0.2|2|FRONT|20|400|NSGAII/results/AGRICULTURAL_NSGAII_131225_13265011243134689805478261_18_Front
38.98160555487879,62.18003559203452,outputExpAgricultural_Both/exp12/agricultural|DBSCAN|25|-|-|-|0.2|2|FRONT|20|400|NSGAII/results/AGRICULTURAL_NSGAII_131225_13265011243134689805478261_18_Front
64.27092215860641,36.766289929520255,outputExpAgricultural_Both/exp12/agricultural|DBSCAN|25|-|-|-|0.2|2|FRONT|20|400|NSGAII/results/AGRICULTURAL_NSGAII_131225_13265011243134689805478261_18_Front
18.272627603849436,83.75040498851945,outputExpAgricultural_Both/exp12/agricultural|DBSCAN|25|-|-|-|0.2|2|FRONT|20|400|NSGAII/results/AGRICULTURAL_NSGAII_131225_13265011243134689805478261_18_Front
26.41003776343038,75.74313632500504,outputExpAgricultural_Both/exp12/agricultural|DBSCAN|25|-|-|-|0.2|2|FRONT|20|400|NSGAII/results/AGRICULTURAL_NSGAII_131225_13265011243134689805478261_18_Front
19.624802046534295,82.38081598730331,outputExpAgricultural_Both/exp12/agricultural|DBSCAN|25|-|-|-|0.2|2|FRONT|20|400|NSGAII/results/AGRICULTURAL_NSGAII_131225_13265011243134689805478261_18_Front
49.835546351565355,44.50995215266072,outputExpAgricultural_Both/exp12/agricultural|DBSCAN|25|-|-|-|0.2|2|FRONT|20|400|NSGAII/results/AGRICULTURAL_NSGAII_131225_13265011243134689805478261_18_Front
29.747837739066874,75.02725748817902,outputExpAgricultural_Both/exp12/agricultural|DBSCAN|25|-|-|-|0.2|2|FRONT|20|400|NSGAII/results/AGRICULTURAL_NSGAII_131225_13265011243134689805478261_18_Front
9.294676574491415,92.98808746812917,outputExpAgricultural_Both/exp12/agricultural|DBSCAN|25|-|-|-|0.2|2|FRONT|20|400|NSGAII/results/AGRICULTURAL_NSGAII_131225_13265011243134689805478261_18_Front
54.11134121086613,41.91586568937262,outputExpAgricultural_Both/exp12/agricultural|DBSCAN|25|-|-|-|0.2|2|FRONT|20|400|NSGAII/results/AGRICULTURAL_NSGAII_131225_13265011243134689805478261_18_Front
67.63308563771471,35.57165596870907,outputExpAgricultural_Both/exp12/agricultural|DBSCAN|25|-|-|-|0.2|2|FRONT|20|400|NSGAII/results/AGRICULTURAL_NSGAII_131225_13265011243134689805478261_18_Front
69.63089292240224,29.226507144232272,outputExpAgricultural_Both/exp12/agricultural|DBSCAN|25|-|-|-|0.2|2|FRONT|20|400|NSGAII/results/AGRICULTURAL_NSGAII_131225_13265011243134689805478261_18_Front
31.843099037641608,66.08032154914565,outputExpAgricultural_Both/exp12/agricultural|DBSCAN|25|-|-|-|0.2|2|FRONT|20|400|NSGAII/results/AGRICULTURAL_NSGAII_131225_13265011243134689805478261_18_Front
72.50578633207455,27.411313383637992,outputExpAgricultural_Both/exp12/agricultural|DBSCAN|25|-|-|-|0.2|2|FRONT|20|400|NSGAII/results/AGRICULTURAL_NSGAII_131225_13265011243134689805478261_18_Front
75.86794981118285,16.70130394564467,outputExpAgricultural_Both/exp12/agricultural|DBSCAN|25|-|-|-|0.2|2|FRONT|20|400|NSGAII/results/AGRICULTURAL_NSGAII_131225_13265011243134689805478261_18_Front
0.012181751735898283,99.98976376843575,outputExpAgricultural_Both/exp12/agricultural|DBSCAN|25|-|-|-|0.2|2|FRONT|20|400|NSGAII/results/AGRICULTURAL_NSGAII_131225_1326591769176267927272237_19_Front
78.84029723474237,14.874371387385027,outputExpAgricultural_Both/exp12/agricultural|DBSCAN|25|-|-|-|0.2|2|FRONT|20|400|NSGAII/results/AGRICULTURAL_NSGAII_131225_1326591769176267927272237_19_Front
9.294676574491415,92.98808746812917,outputExpAgricultural_Both/exp12/agricultural|DBSCAN|25|-|-|-|0.2|2|FRONT|20|400|NSGAII/results/AGRICULTURAL_NSGAII_131225_1326591769176267927272237_19_Front
38.98160555487879,62.17890866745863,outputExpAgricultural_Both/exp12/agricultural|DBSCAN|25|-|-|-|0.2|2|FRONT|20|400|NSGAII/results/AGRICULTURAL_NSGAII_131225_1326591769176267927272237_19_Front
31.843099037641608,66.08032154914565,outputExpAgricultural_Both/exp12/agricultural|DBSCAN|25|-|-|-|0.2|2|FRONT|20|400|NSGAII/results/AGRICULTURAL_NSGAII_131225_1326591769176267927272237_19_Front
18.272627603849436,83.75040498851945,outputExpAgricultural_Both/exp12/agricultural|DBSCAN|25|-|-|-|0.2|2|FRONT|20|400|NSGAII/results/AGRICULTURAL_NSGAII_131225_1326591769176267927272237_19_Front
0.986721890607869,98.91186041160918,outputExpAgricultural_Both/exp12/agricultural|DBSCAN|25|-|-|-|0.2|2|FRONT|20|400|NSGAII/results/AGRICULTURAL_NSGAII_131225_1326591769176267927272237_19_Front
60.920940431234015,38.88472031140682,outputExpAgricultural_Both/exp12/agricultural|DBSCAN|25|-|-|-|0.2|2|FRONT|20|400|NSGAII/results/AGRICULTURAL_NSGAII_131225_1326591769176267927272237_19_Front
48.88536971616519,45.71594926961201,outputExpAgricultural_Both/exp12/agricultural|DBSCAN|25|-|-|-|0.2|2|FRONT|20|400|NSGAII/results/AGRICULTURAL_NSGAII_131225_1326591769176267927272237_19_Front
44.92630040199781,57.89434142997337,outputExpAgricultural_Both/exp12/agricultural|DBSCAN|25|-|-|-|0.2|2|FRONT|20|400|NSGAII/results/AGRICULTURAL_NSGAII_131225_1326591769176267927272237_19_Front
29.747837739066874,75.02725748817902,outputExpAgricultural_Both/exp12/agricultural|DBSCAN|25|-|-|-|0.2|2|FRONT|20|400|NSGAII/results/AGRICULTURAL_NSGAII_131225_1326591769176267927272237_19_Front
19.624802046534295,82.38081598730331,outputExpAgricultural_Both/exp12/agricultural|DBSCAN|25|-|-|-|0.2|2|FRONT|20|400|NSGAII/results/AGRICULTURAL_NSGAII_131225_1326591769176267927272237_19_Front
25.837495431843095,76.57095633636818,outputExpAgricultural_Both/exp12/agricultural|DBSCAN|25|-|-|-|0.2|2|FRONT|20|400|NSGAII/results/AGRICULTURAL_NSGAII_131225_1326591769176267927272237_19_Front
75.86794981118285,16.70130394564467,outputExpAgricultural_Both/exp12/agricultural|DBSCAN|25|-|-|-|0.2|2|FRONT|20|400|NSGAII/results/AGRICULTURAL_NSGAII_131225_1326591769176267927272237_19_Front
54.11134121086613,41.91586568937262,outputExpAgricultural_Both/exp12/agricultural|DBSCAN|25|-|-|-|0.2|2|FRONT|20|400|NSGAII/results/AGRICULTURAL_NSGAII_131225_1326591769176267927272237_19_Front
72.50578633207455,27.411313383637992,outputExpAgricultural_Both/exp12/agricultural|DBSCAN|25|-|-|-|0.2|2|FRONT|20|400|NSGAII/results/AGRICULTURAL_NSGAII_131225_1326591769176267927272237_19_Front
44.146668290900244,58.12291929811381,outputExpAgricultural_Both/exp12/agricultural|DBSCAN|25|-|-|-|0.2|2|FRONT|20|400|NSGAII/results/AGRICULTURAL_NSGAII_131225_1326591769176267927272237_19_Front
67.63308563771471,35.57165596870907,outputExpAgricultural_Both/exp12/agricultural|DBSCAN|25|-|-|-|0.2|2|FRONT|20|400|NSGAII/results/AGRICULTURAL_NSGAII_131225_1326591769176267927272237_19_Front
0.012181751735898283,99.98976376843575,outputExpAgricultural_Both/exp12/agricultural|DBSCAN|25|-|-|-|0.2|2|FRONT|20|400|NSGAII/results/AGRICULTURAL_NSGAII_131225_1327153159328351295144192_20_Front
78.84029723474237,14.874371387385027,outputExpAgricultural_Both/exp12/agricultural|DBSCAN|25|-|-|-|0.2|2|FRONT|20|400|NSGAII/results/AGRICULTURAL_NSGAII_131225_1327153159328351295144192_20_Front
72.50578633207455,27.411313383637992,outputExpAgricultural_Both/exp12/agricultural|DBSCAN|25|-|-|-|0.2|2|FRONT|20|400|NSGAII/results/AGRICULTURAL_NSGAII_131225_1327153159328351295144192_20_Front
48.88536971616519,45.71594926961201,outputExpAgricultural_Both/exp12/agricultural|DBSCAN|25|-|-|-|0.2|2|FRONT|20|400|NSGAII/results/AGRICULTURAL_NSGAII_131225_1327153159328351295144192_20_Front
31.843099037641608,66.08032154914565,outputExpAgricultural_Both/exp12/agricultural|DBSCAN|25|-|-|-|0.2|2|FRONT|20|400|NSGAII/results/AGRICULTURAL_NSGAII_131225_1327153159328351295144192_20_Front
18.272627603849436,83.75040498851945,outputExpAgricultural_Both/exp12/agricultural|DBSCAN|25|-|-|-|0.2|2|FRONT|20|400|NSGAII/results/AGRICULTURAL_NSGAII_131225_1327153159328351295144192_20_Front
54.11134121086613,41.91586568937262,outputExpAgricultural_Both/exp12/agricultural|DBSCAN|25|-|-|-|0.2|2|FRONT|20|400|NSGAII/results/AGRICULTURAL_NSGAII_131225_1327153159328351295144192_20_Front
75.86794981118285,16.701210035263344,outputExpAgricultural_Both/exp12/agricultural|DBSCAN|25|-|-|-|0.2|2|FRONT|20|400|NSGAII/results/AGRICULTURAL_NSGAII_131225_1327153159328351295144192_20_Front
9.294676574491415,92.98808746812917,outputExpAgricultural_Both/exp12/agricultural|DBSCAN|25|-|-|-|0.2|2|FRONT|20|400|NSGAII/results/AGRICULTURAL_NSGAII_131225_1327153159328351295144192_20_Front
0.986721890607869,98.91186041160918,outputExpAgricultural_Both/exp12/agricultural|DBSCAN|25|-|-|-|0.2|2|FRONT|20|400|NSGAII/results/AGRICULTURAL_NSGAII_131225_1327153159328351295144192_20_Front
44.92630040199781,57.89434142997337,outputExpAgricultural_Both/exp12/agricultural|DBSCAN|25|-|-|-|0.2|2|FRONT|20|400|NSGAII/results/AGRICULTURAL_NSGAII_131225_1327153159328351295144192_20_Front
38.98160555487879,62.17890866745863,outputExpAgricultural_Both/exp12/agricultural|DBSCAN|25|-|-|-|0.2|2|FRONT|20|400|NSGAII/results/AGRICULTURAL_NSGAII_131225_1327153159328351295144192_20_Front
29.747837739066874,75.02725748817902,outputExpAgricultural_Both/exp12/agricultural|DBSCAN|25|-|-|-|0.2|2|FRONT|20|400|NSGAII/results/AGRICULTURAL_NSGAII_131225_1327153159328351295144192_20_Front
64.3805579242295,38.272236804417545,outputExpAgricultural_Both/exp12/agricultural|DBSCAN|25|-|-|-|0.2|2|FRONT|20|400|NSGAII/results/AGRICULTURAL_NSGAII_131225_1327153159328351295144192_20_Front
44.146668290900244,58.12291929811381,outputExpAgricultural_Both/exp12/agricultural|DBSCAN|25|-|-|-|0.2|2|FRONT|20|400|NSGAII/results/AGRICULTURAL_NSGAII_131225_1327153159328351295144192_20_Front
19.624802046534295,82.38081598730331,outputExpAgricultural_Both/exp12/agricultural|DBSCAN|25|-|-|-|0.2|2|FRONT|20|400|NSGAII/results/AGRICULTURAL_NSGAII_131225_1327153159328351295144192_20_Front
67.63308563771471,35.57165596870907,outputExpAgricultural_Both/exp12/agricultural|DBSCAN|25|-|-|-|0.2|2|FRONT|20|400|NSGAII/results/AGRICULTURAL_NSGAII_131225_1327153159328351295144192_20_Front
0.0,99.99849743389883,outputExpAgricultural_Both/exp12/agricultural|Random|100|-|-|-|-|-|FRONT|20|400|NSGAII/results/AGRICULTURAL_NSGAII_131225_13415410367461918587752352_1_Front
31.721281520282613,66.65477135169908,outputExpAgricultural_Both/exp12/agricultural|Random|100|-|-|-|-|-|FRONT|20|400|NSGAII/results/AGRICULTURAL_NSGAII_131225_13415410367461918587752352_1_Front
30.454379339749053,67.47479680141242,outputExpAgricultural_Both/exp12/agricultural|Random|100|-|-|-|-|-|FRONT|20|400|NSGAII/results/AGRICULTURAL_NSGAII_131225_13415410367461918587752352_1_Front
13.716652454622979,89.44991994139991,outputExpAgricultural_Both/exp12/agricultural|Random|100|-|-|-|-|-|FRONT|20|400|NSGAII/results/AGRICULTURAL_NSGAII_131225_13415410367461918587752352_1_Front
22.29260567669632,78.31778333935925,outputExpAgricultural_Both/exp12/agricultural|Random|100|-|-|-|-|-|FRONT|20|400|NSGAII/results/AGRICULTURAL_NSGAII_131225_13415410367461918587752352_1_Front
4.726519673529047,94.56080462414718,outputExpAgricultural_Both/exp12/agricultural|Random|100|-|-|-|-|-|FRONT|20|400|NSGAII/results/AGRICULTURAL_NSGAII_131225_13415410367461918587752352_1_Front
2.3754415885004216,98.07032948457287,outputExpAgricultural_Both/exp12/agricultural|Random|100|-|-|-|-|-|FRONT|20|400|NSGAII/results/AGRICULTURAL_NSGAII_131225_13415410367461918587752352_1_Front
11.743208673407242,90.15114875873952,outputExpAgricultural_Both/exp12/agricultural|Random|100|-|-|-|-|-|FRONT|20|400|NSGAII/results/AGRICULTURAL_NSGAII_131225_13415410367461918587752352_1_Front
25.338043610671214,76.66852922256291,outputExpAgricultural_Both/exp12/agricultural|Random|100|-|-|-|-|-|FRONT|20|400|NSGAII/results/AGRICULTURAL_NSGAII_131225_13415410367461918587752352_1_Front
5.676696308929221,93.48271344655795,outputExpAgricultural_Both/exp12/agricultural|Random|100|-|-|-|-|-|FRONT|20|400|NSGAII/results/AGRICULTURAL_NSGAII_131225_13415410367461918587752352_1_Front
28.761115848459006,74.94264423460693,outputExpAgricultural_Both/exp12/agricultural|Random|100|-|-|-|-|-|FRONT|20|400|NSGAII/results/AGRICULTURAL_NSGAII_131225_13415410367461918587752352_1_Front
29.686928980387385,74.66795636923683,outputExpAgricultural_Both/exp12/agricultural|Random|100|-|-|-|-|-|FRONT|20|400|NSGAII/results/AGRICULTURAL_NSGAII_131225_13415410367461918587752352_1_Front
18.272627603849436,83.75049889890077,outputExpAgricultural_Both/exp12/agricultural|Random|100|-|-|-|-|-|FRONT|20|400|NSGAII/results/AGRICULTURAL_NSGAII_131225_13415410367461918587752352_1_Front
8.55158971860154,92.4573999032723,outputExpAgricultural_Both/exp12/agricultural|Random|100|-|-|-|-|-|FRONT|20|400|NSGAII/results/AGRICULTURAL_NSGAII_131225_13415410367461918587752352_1_Front
0.0,99.99849743389883,outputExpAgricultural_Both/exp12/agricultural|Random|100|-|-|-|-|-|FRONT|20|400|NSGAII/results/AGRICULTURAL_NSGAII_131225_1342304539224846468905724_2_Front
34.218540626142044,61.91436312327146,outputExpAgricultural_Both/exp12/agricultural|Random|100|-|-|-|-|-|FRONT|20|400|NSGAII/results/AGRICULTURAL_NSGAII_131225_1342304539224846468905724_2_Front
13.716652454622979,89.44991994139991,outputExpAgricultural_Both/exp12/agricultural|Random|100|-|-|-|-|-|FRONT|20|400|NSGAII/results/AGRICULTURAL_NSGAII_131225_1342304539224846468905724_2_Front
18.272627603849436,83.75049889890077,outputExpAgricultural_Both/exp12/agricultural|Random|100|-|-|-|-|-|FRONT|20|400|NSGAII/results/AGRICULTURAL_NSGAII_131225_1342304539224846468905724_2_Front
22.29260567669632,78.31778333935925,outputExpAgricultural_Both/exp12/agricultural|Random|100|-|-|-|-|-|FRONT|20|400|NSGAII/results/AGRICULTURAL_NSGAII_131225_1342304539224846468905724_2_Front
8.55158971860154,92.4573999032723,outputExpAgricultural_Both/exp12/agricultural|Random|100|-|-|-|-|-|FRONT|20|400|NSGAII/results/AGRICULTURAL_NSGAII_131225_1342304539224846468905724_2_Front
20.148617371177977,82.93329076062712,outputExpAgricultural_Both/exp12/agricultural|Random|100|-|-|-|-|-|FRONT|20|400|NSGAII/results/AGRICULTURAL_NSGAII_131225_1342304539224846468905724_2_Front
30.454379339749053,67.47479680141242,outputExpAgricultural_Both/exp12/agricultural|Random|100|-|-|-|-|-|FRONT|20|400|NSGAII/results/AGRICULTURAL_NSGAII_131225_1342304539224846468905724_2_Front
29.686928980387385,74.66795636923683,outputExpAgricultural_Both/exp12/agricultural|Random|100|-|-|-|-|-|FRONT|20|400|NSGAII/results/AGRICULTURAL_NSGAII_131225_1342304539224846468905724_2_Front
4.726519673529047,94.55967769957128,outputExpAgricultural_Both/exp12/agricultural|Random|100|-|-|-|-|-|FRONT|20|400|NSGAII/results/AGRICULTURAL_NSGAII_131225_1342304539224846468905724_2_Front
28.761115848459006,74.94264423460693,outputExpAgricultural_Both/exp12/agricultural|Random|100|-|-|-|-|-|FRONT|20|400|NSGAII/results/AGRICULTURAL_NSGAII_131225_1342304539224846468905724_2_Front
25.338043610671214,76.66852922256291,outputExpAgricultural_Both/exp12/agricultural|Random|100|-|-|-|-|-|FRONT|20|400|NSGAII/results/AGRICULTURAL_NSGAII_131225_1342304539224846468905724_2_Front
11.657936411255939,90.2010151712221,outputExpAgricultural_Both/exp12/agricultural|Random|100|-|-|-|-|-|FRONT|20|400|NSGAII/results/AGRICULTURAL_NSGAII_131225_1342304539224846468905724_2_Front
2.3754415885004216,98.07032948457287,outputExpAgricultural_Both/exp12/agricultural|Random|100|-|-|-|-|-|FRONT|20|400|NSGAII/results/AGRICULTURAL_NSGAII_131225_1342304539224846468905724_2_Front
31.721281520282613,66.65477135169908,outputExpAgricultural_Both/exp12/agricultural|Random|100|-|-|-|-|-|FRONT|20|400|NSGAII/results/AGRICULTURAL_NSGAII_131225_1342304539224846468905724_2_Front
24.83859178949933,77.35642276575463,outputExpAgricultural_Both/exp12/agricultural|Random|100|-|-|-|-|-|FRONT|20|400|NSGAII/results/AGRICULTURAL_NSGAII_131225_1342304539224846468905724_2_Front
5.676696308929221,93.48271344655795,outputExpAgricultural_Both/exp12/agricultural|Random|100|-|-|-|-|-|FRONT|20|400|NSGAII/results/AGRICULTURAL_NSGAII_131225_1342304539224846468905724_2_Front
0.0,99.99849743389883,outputExpAgricultural_Both/exp12/agricultural|Random|100|-|-|-|-|-|FRONT|20|400|NSGAII/results/AGRICULTURAL_NSGAII_131225_1342569465270815794703574_3_Front
36.179802655621884,61.20393108856218,outputExpAgricultural_Both/exp12/agricultural|Random|100|-|-|-|-|-|FRONT|20|400|NSGAII/results/AGRICULTURAL_NSGAII_131225_1342569465270815794703574_3_Front
13.716652454622979,89.44991994139991,outputExpAgricultural_Both/exp12/agricultural|Random|100|-|-|-|-|-|FRONT|20|400|NSGAII/results/AGRICULTURAL_NSGAII_131225_1342569465270815794703574_3_Front
18.272627603849436,83.75049889890077,outputExpAgricultural_Both/exp12/agricultural|Random|100|-|-|-|-|-|FRONT|20|400|NSGAII/results/AGRICULTURAL_NSGAII_131225_1342569465270815794703574_3_Front
34.218540626142044,61.91436312327146,outputExpAgricultural_Both/exp12/agricultural|Random|100|-|-|-|-|-|FRONT|20|400|NSGAII/results/AGRICULTURAL_NSGAII_131225_1342569465270815794703574_3_Front
22.29260567669632,78.31684423554601,outputExpAgricultural_Both/exp12/agricultural|Random|100|-|-|-|-|-|FRONT|20|400|NSGAII/results/AGRICULTURAL_NSGAII_131225_1342569465270815794703574_3_Front
31.721281520282613,66.65477135169908,outputExpAgricultural_Both/exp12/agricultural|Random|100|-|-|-|-|-|FRONT|20|400|NSGAII/results/AGRICULTURAL_NSGAII_131225_1342569465270815794703574_3_Front
30.454379339749053,67.47479680141242,outputExpAgricultural_Both/exp12/agricultural|Random|100|-|-|-|-|-|FRONT|20|400|NSGAII/results/AGRICULTURAL_NSGAII_131225_1342569465270815794703574_3_Front
28.761115848459006,74.94264423460693,outputExpAgricultural_Both/exp12/agricultural|Random|100|-|-|-|-|-|FRONT|20|400|NSGAII/results/AGRICULTURAL_NSGAII_131225_1342569465270815794703574_3_Front
25.338043610671214,76.66852922256291,outputExpAgricultural_Both/exp12/agricultural|Random|100|-|-|-|-|-|FRONT|20|400|NSGAII/results/AGRICULTURAL_NSGAII_131225_1342569465270815794703574_3_Front
29.686928980387385,74.66795636923683,outputExpAgricultural_Both/exp12/agricultural|Random|100|-|-|-|-|-|FRONT|20|400|NSGAII/results/AGRICULTURAL_NSGAII_131225_1342569465270815794703574_3_Front
20.319161895480566,82.12284416980874,outputExpAgricultural_Both/exp12/agricultural|Random|100|-|-|-|-|-|FRONT|20|400|NSGAII/results/AGRICULTURAL_NSGAII_131225_1342569465270815794703574_3_Front
11.657936411255939,90.2010151712221,outputExpAgricultural_Both/exp12/agricultural|Random|100|-|-|-|-|-|FRONT|20|400|NSGAII/results/AGRICULTURAL_NSGAII_131225_1342569465270815794703574_3_Front
8.636861980752828,92.40790913231501,outputExpAgricultural_Both/exp12/agricultural|Random|100|-|-|-|-|-|FRONT|20|400|NSGAII/results/AGRICULTURAL_NSGAII_131225_1342569465270815794703574_3_Front
3.021074430503112,97.88100615582547,outputExpAgricultural_Both/exp12/agricultural|Random|100|-|-|-|-|-|FRONT|20|400|NSGAII/results/AGRICULTURAL_NSGAII_131225_1342569465270815794703574_3_Front
4.629065659641861,94.60945020167253,outputExpAgricultural_Both/exp12/agricultural|Random|100|-|-|-|-|-|FRONT|20|400|NSGAII/results/AGRICULTURAL_NSGAII_131225_1342569465270815794703574_3_Front
0.986721890607869,98.91702548258198,outputExpAgricultural_Both/exp12/agricultural|Random|100|-|-|-|-|-|FRONT|20|400|NSGAII/results/AGRICULTURAL_NSGAII_131225_1342569465270815794703574_3_Front
0.0,99.99737050932295,outputExpAgricultural_Both/exp12/agricultural|Random|100|-|-|-|-|-|FRONT|20|400|NSGAII/results/AGRICULTURAL_NSGAII_131225_1343465154511915405883265_4_Front
56.58423681325375,50.796782630335876,outputExpAgricultural_Both/exp12/agricultural|Random|100|-|-|-|-|-|FRONT|20|400|NSGAII/results/AGRICULTURAL_NSGAII_131225_1343465154511915405883265_4_Front
36.179802655621884,61.20393108856218,outputExpAgricultural_Both/exp12/agricultural|Random|100|-|-|-|-|-|FRONT|20|400|NSGAII/results/AGRICULTURAL_NSGAII_131225_1343465154511915405883265_4_Front
13.716652454622979,89.44991994139991,outputExpAgricultural_Both/exp12/agricultural|Random|100|-|-|-|-|-|FRONT|20|400|NSGAII/results/AGRICULTURAL_NSGAII_131225_1343465154511915405883265_4_Front
8.636861980752828,92.40790913231501,outputExpAgricultural_Both/exp12/agricultural|Random|100|-|-|-|-|-|FRONT|20|400|NSGAII/results/AGRICULTURAL_NSGAII_131225_1343465154511915405883265_4_Front
4.629065659641861,94.60945020167253,outputExpAgricultural_Both/exp12/agricultural|Random|100|-|-|-|-|-|FRONT|20|400|NSGAII/results/AGRICULTURAL_NSGAII_131225_1343465154511915405883265_4_Front
20.319161895480566,82.12284416980874,outputExpAgricultural_Both/exp12/agricultural|Random|100|-|-|-|-|-|FRONT|20|400|NSGAII/results/AGRICULTURAL_NSGAII_131225_1343465154511915405883265_4_Front
31.721281520282613,66.65477135169908,outputExpAgricultural_Both/exp12/agricultural|Random|100|-|-|-|-|-|FRONT|20|400|NSGAII/results/AGRICULTURAL_NSGAII_131225_1343465154511915405883265_4_Front
30.454379339749053,67.47479680141242,outputExpAgricultural_Both/exp12/agricultural|Random|100|-|-|-|-|-|FRONT|20|400|NSGAII/results/AGRICULTURAL_NSGAII_131225_1343465154511915405883265_4_Front
11.657936411255939,90.2010151712221,outputExpAgricultural_Both/exp12/agricultural|Random|100|-|-|-|-|-|FRONT|20|400|NSGAII/results/AGRICULTURAL_NSGAII_131225_1343465154511915405883265_4_Front
22.29260567669632,78.31684423554601,outputExpAgricultural_Both/exp12/agricultural|Random|100|-|-|-|-|-|FRONT|20|400|NSGAII/results/AGRICULTURAL_NSGAII_131225_1343465154511915405883265_4_Front
29.686928980387385,74.66795636923683,outputExpAgricultural_Both/exp12/agricultural|Random|100|-|-|-|-|-|FRONT|20|400|NSGAII/results/AGRICULTURAL_NSGAII_131225_1343465154511915405883265_4_Front
34.218540626142044,61.91436312327146,outputExpAgricultural_Both/exp12/agricultural|Random|100|-|-|-|-|-|FRONT|20|400|NSGAII/results/AGRICULTURAL_NSGAII_131225_1343465154511915405883265_4_Front
18.272627603849436,83.75049889890077,outputExpAgricultural_Both/exp12/agricultural|Random|100|-|-|-|-|-|FRONT|20|400|NSGAII/results/AGRICULTURAL_NSGAII_131225_1343465154511915405883265_4_Front
27.981483737361433,74.79013377533819,outputExpAgricultural_Both/exp12/agricultural|Random|100|-|-|-|-|-|FRONT|20|400|NSGAII/results/AGRICULTURAL_NSGAII_131225_1343465154511915405883265_4_Front
3.021074430503112,97.88100615582547,outputExpAgricultural_Both/exp12/agricultural|Random|100|-|-|-|-|-|FRONT|20|400|NSGAII/results/AGRICULTURAL_NSGAII_131225_1343465154511915405883265_4_Front
25.411134121086615,76.62194967342664,outputExpAgricultural_Both/exp12/agricultural|Random|100|-|-|-|-|-|FRONT|20|400|NSGAII/results/AGRICULTURAL_NSGAII_131225_1343465154511915405883265_4_Front
0.0,99.99737050932295,outputExpAgricultural_Both/exp12/agricultural|Random|100|-|-|-|-|-|FRONT|20|400|NSGAII/results/AGRICULTURAL_NSGAII_131225_13442411190484183312302476_5_Front
56.58423681325375,50.796782630335876,outputExpAgricultural_Both/exp12/agricultural|Random|100|-|-|-|-|-|FRONT|20|400|NSGAII/results/AGRICULTURAL_NSGAII_131225_13442411190484183312302476_5_Front
36.179802655621884,61.20393108856218,outputExpAgricultural_Both/exp12/agricultural|Random|100|-|-|-|-|-|FRONT|20|400|NSGAII/results/AGRICULTURAL_NSGAII_131225_13442411190484183312302476_5_Front
13.97246924107687,89.3006963454775,outputExpAgricultural_Both/exp12/agricultural|Random|100|-|-|-|-|-|FRONT|20|400|NSGAII/results/AGRICULTURAL_NSGAII_131225_13442411190484183312302476_5_Front
4.629065659641861,94.60945020167253,outputExpAgricultural_Both/exp12/agricultural|Random|100|-|-|-|-|-|FRONT|20|400|NSGAII/results/AGRICULTURAL_NSGAII_131225_13442411190484183312302476_5_Front
11.657936411255939,90.2010151712221,outputExpAgricultural_Both/exp12/agricultural|Random|100|-|-|-|-|-|FRONT|20|400|NSGAII/results/AGRICULTURAL_NSGAII_131225_13442411190484183312302476_5_Front
34.218540626142044,61.91436312327146,outputExpAgricultural_Both/exp12/agricultural|Random|100|-|-|-|-|-|FRONT|20|400|NSGAII/results/AGRICULTURAL_NSGAII_131225_13442411190484183312302476_5_Front
25.411134121086615,76.62194967342664,outputExpAgricultural_Both/exp12/agricultural|Random|100|-|-|-|-|-|FRONT|20|400|NSGAII/results/AGRICULTURAL_NSGAII_131225_13442411190484183312302476_5_Front
20.319161895480566,82.12284416980874,outputExpAgricultural_Both/exp12/agricultural|Random|100|-|-|-|-|-|FRONT|20|400|NSGAII/results/AGRICULTURAL_NSGAII_131225_13442411190484183312302476_5_Front
30.454379339749053,67.46841089548245,outputExpAgricultural_Both/exp12/agricultural|Random|100|-|-|-|-|-|FRONT|20|400|NSGAII/results/AGRICULTURAL_NSGAII_131225_13442411190484183312302476_5_Front
22.29260567669632,78.31684423554601,outputExpAgricultural_Both/exp12/agricultural|Random|100|-|-|-|-|-|FRONT|20|400|NSGAII/results/AGRICULTURAL_NSGAII_131225_13442411190484183312302476_5_Front
32.62273114873919,66.36928379247685,outputExpAgricultural_Both/exp12/agricultural|Random|100|-|-|-|-|-|FRONT|20|400|NSGAII/results/AGRICULTURAL_NSGAII_131225_13442411190484183312302476_5_Front
7.406505055426966,92.73246341016768,outputExpAgricultural_Both/exp12/agricultural|Random|100|-|-|-|-|-|FRONT|20|400|NSGAII/results/AGRICULTURAL_NSGAII_131225_13442411190484183312302476_5_Front
30.23510780850286,73.94634899915012,outputExpAgricultural_Both/exp12/agricultural|Random|100|-|-|-|-|-|FRONT|20|400|NSGAII/results/AGRICULTURAL_NSGAII_131225_13442411190484183312302476_5_Front
18.272627603849436,83.75049889890077,outputExpAgricultural_Both/exp12/agricultural|Random|100|-|-|-|-|-|FRONT|20|400|NSGAII/results/AGRICULTURAL_NSGAII_131225_13442411190484183312302476_5_Front
0.0,99.99737050932295,outputExpAgricultural_Both/exp12/agricultural|Random|100|-|-|-|-|-|FRONT|20|400|NSGAII/results/AGRICULTURAL_NSGAII_131225_1344422499194959435338809_6_Front
56.58423681325375,50.796782630335876,outputExpAgricultural_Both/exp12/agricultural|Random|100|-|-|-|-|-|FRONT|20|400|NSGAII/results/AGRICULTURAL_NSGAII_131225_1344422499194959435338809_6_Front
36.179802655621884,61.20393108856218,outputExpAgricultural_Both/exp12/agricultural|Random|100|-|-|-|-|-|FRONT|20|400|NSGAII/results/AGRICULTURAL_NSGAII_131225_1344422499194959435338809_6_Front
4.629065659641861,94.60945020167253,outputExpAgricultural_Both/exp12/agricultural|Random|100|-|-|-|-|-|FRONT|20|400|NSGAII/results/AGRICULTURAL_NSGAII_131225_1344422499194959435338809_6_Front
13.97246924107687,89.3006963454775,outputExpAgricultural_Both/exp12/agricultural|Random|100|-|-|-|-|-|FRONT|20|400|NSGAII/results/AGRICULTURAL_NSGAII_131225_1344422499194959435338809_6_Front
11.657936411255939,90.2010151712221,outputExpAgricultural_Both/exp12/agricultural|Random|100|-|-|-|-|-|FRONT|20|400|NSGAII/results/AGRICULTURAL_NSGAII_131225_1344422499194959435338809_6_Front
32.62273114873919,66.36928379247685,outputExpAgricultural_Both/exp12/agricultural|Random|100|-|-|-|-|-|FRONT|20|400|NSGAII/results/AGRICULTURAL_NSGAII_131225_1344422499194959435338809_6_Front
30.454379339749053,67.46831698510113,outputExpAgricultural_Both/exp12/agricultural|Random|100|-|-|-|-|-|FRONT|20|400|NSGAII/results/AGRICULTURAL_NSGAII_131225_1344422499194959435338809_6_Front
29.3092946765745,74.22103686452019,outputExpAgricultural_Both/exp12/agricultural|Random|100|-|-|-|-|-|FRONT|20|400|NSGAII/results/AGRICULTURAL_NSGAII_131225_1344422499194959435338809_6_Front
25.411134121086615,76.62194967342664,outputExpAgricultural_Both/exp12/agricultural|Random|100|-|-|-|-|-|FRONT|20|400|NSGAII/results/AGRICULTURAL_NSGAII_131225_1344422499194959435338809_6_Front
18.272627603849436,83.75049889890077,outputExpAgricultural_Both/exp12/agricultural|Random|100|-|-|-|-|-|FRONT|20|400|NSGAII/results/AGRICULTURAL_NSGAII_131225_1344422499194959435338809_6_Front
22.29260567669632,78.31684423554601,outputExpAgricultural_Both/exp12/agricultural|Random|100|-|-|-|-|-|FRONT|20|400|NSGAII/results/AGRICULTURAL_NSGAII_131225_1344422499194959435338809_6_Front
30.23510780850286,73.94634899915012,outputExpAgricultural_Both/exp12/agricultural|Random|100|-|-|-|-|-|FRONT|20|400|NSGAII/results/AGRICULTURAL_NSGAII_131225_1344422499194959435338809_6_Front
20.319161895480566,82.12284416980874,outputExpAgricultural_Both/exp12/agricultural|Random|100|-|-|-|-|-|FRONT|20|400|NSGAII/results/AGRICULTURAL_NSGAII_131225_1344422499194959435338809_6_Front
0.0,99.99737050932295,outputExpAgricultural_Both/exp12/agricultural|Random|100|-|-|-|-|-|FRONT|20|400|NSGAII/results/AGRICULTURAL_NSGAII_131225_13450911904227144289859053_7_Front
59.690583505908144,45.13905779714417,outputExpAgricultural_Both/exp12/agricultural|Random|100|-|-|-|-|-|FRONT|20|400|NSGAII/results/AGRICULTURAL_NSGAII_131225_13450911904227144289859053_7_Front
36.179802655621884,61.20393108856218,outputExpAgricultural_Both/exp12/agricultural|Random|100|-|-|-|-|-|FRONT|20|400|NSGAII/results/AGRICULTURAL_NSGAII_131225_13450911904227144289859053_7_Front
56.58423681325375,50.796782630335876,outputExpAgricultural_Both/exp12/agricultural|Random|100|-|-|-|-|-|FRONT|20|400|NSGAII/results/AGRICULTURAL_NSGAII_131225_13450911904227144289859053_7_Front
13.97246924107687,89.3006963454775,outputExpAgricultural_Both/exp12/agricultural|Random|100|-|-|-|-|-|FRONT|20|400|NSGAII/results/AGRICULTURAL_NSGAII_131225_13450911904227144289859053_7_Front
11.657936411255939,90.2010151712221,outputExpAgricultural_Both/exp12/agricultural|Random|100|-|-|-|-|-|FRONT|20|400|NSGAII/results/AGRICULTURAL_NSGAII_131225_13450911904227144289859053_7_Front
25.411134121086615,76.62194967342664,outputExpAgricultural_Both/exp12/agricultural|Random|100|-|-|-|-|-|FRONT|20|400|NSGAII/results/AGRICULTURAL_NSGAII_131225_13450911904227144289859053_7_Front
22.29260567669632,78.31684423554601,outputExpAgricultural_Both/exp12/agricultural|Random|100|-|-|-|-|-|FRONT|20|400|NSGAII/results/AGRICULTURAL_NSGAII_131225_13450911904227144289859053_7_Front
4.629065659641861,94.60945020167253,outputExpAgricultural_Both/exp12/agricultural|Random|100|-|-|-|-|-|FRONT|20|400|NSGAII/results/AGRICULTURAL_NSGAII_131225_13450911904227144289859053_7_Front
2.6068948714825164,98.8603036122628,outputExpAgricultural_Both/exp12/agricultural|Random|100|-|-|-|-|-|FRONT|20|400|NSGAII/results/AGRICULTURAL_NSGAII_131225_13450911904227144289859053_7_Front
33.926178584480446,62.08387136155967,outputExpAgricultural_Both/exp12/agricultural|Random|100|-|-|-|-|-|FRONT|20|400|NSGAII/results/AGRICULTURAL_NSGAII_131225_13450911904227144289859053_7_Front
57.290778413935925,50.46706328151046,outputExpAgricultural_Both/exp12/agricultural|Random|100|-|-|-|-|-|FRONT|20|400|NSGAII/results/AGRICULTURAL_NSGAII_131225_13450911904227144289859053_7_Front
7.723230600560363,93.47820574825442,outputExpAgricultural_Both/exp12/agricultural|Random|100|-|-|-|-|-|FRONT|20|400|NSGAII/results/AGRICULTURAL_NSGAII_131225_13450911904227144289859053_7_Front
28.761115848459006,74.94264423460693,outputExpAgricultural_Both/exp12/agricultural|Random|100|-|-|-|-|-|FRONT|20|400|NSGAII/results/AGRICULTURAL_NSGAII_131225_13450911904227144289859053_7_Front
30.23510780850286,73.94634899915012,outputExpAgricultural_Both/exp12/agricultural|Random|100|-|-|-|-|-|FRONT|20|400|NSGAII/results/AGRICULTURAL_NSGAII_131225_13450911904227144289859053_7_Front
0.0,99.99737050932295,outputExpAgricultural_Both/exp12/agricultural|Random|100|-|-|-|-|-|FRONT|20|400|NSGAII/results/AGRICULTURAL_NSGAII_131225_13452714754621501986882043_8_Front
60.72603240345963,44.6574853617193,outputExpAgricultural_Both/exp12/agricultural|Random|100|-|-|-|-|-|FRONT|20|400|NSGAII/results/AGRICULTURAL_NSGAII_131225_13452714754621501986882043_8_Front
48.7270069435985,55.56329794477129,outputExpAgricultural_Both/exp12/agricultural|Random|100|-|-|-|-|-|FRONT|20|400|NSGAII/results/AGRICULTURAL_NSGAII_131225_13452714754621501986882043_8_Front
36.252893166037275,61.15434640722359,outputExpAgricultural_Both/exp12/agricultural|Random|100|-|-|-|-|-|FRONT|20|400|NSGAII/results/AGRICULTURAL_NSGAII_131225_13452714754621501986882043_8_Front
18.272627603849436,83.75585179063619,outputExpAgricultural_Both/exp12/agricultural|Random|100|-|-|-|-|-|FRONT|20|400|NSGAII/results/AGRICULTURAL_NSGAII_131225_13452714754621501986882043_8_Front
30.23510780850286,73.94634899915012,outputExpAgricultural_Both/exp12/agricultural|Random|100|-|-|-|-|-|FRONT|20|400|NSGAII/results/AGRICULTURAL_NSGAII_131225_13452714754621501986882043_8_Front
33.926178584480446,62.08387136155967,outputExpAgricultural_Both/exp12/agricultural|Random|100|-|-|-|-|-|FRONT|20|400|NSGAII/results/AGRICULTURAL_NSGAII_131225_13452714754621501986882043_8_Front
22.29260567669632,78.31684423554601,outputExpAgricultural_Both/exp12/agricultural|Random|100|-|-|-|-|-|FRONT|20|400|NSGAII/results/AGRICULTURAL_NSGAII_131225_13452714754621501986882043_8_Front
56.58423681325375,50.796782630335876,outputExpAgricultural_Both/exp12/agricultural|Random|100|-|-|-|-|-|FRONT|20|400|NSGAII/results/AGRICULTURAL_NSGAII_131225_13452714754621501986882043_8_Front
13.97246924107687,89.3006963454775,outputExpAgricultural_Both/exp12/agricultural|Random|100|-|-|-|-|-|FRONT|20|400|NSGAII/results/AGRICULTURAL_NSGAII_131225_13452714754621501986882043_8_Front
59.690583505908144,45.13905779714417,outputExpAgricultural_Both/exp12/agricultural|Random|100|-|-|-|-|-|FRONT|20|400|NSGAII/results/AGRICULTURAL_NSGAII_131225_13452714754621501986882043_8_Front
57.290778413935925,50.46706328151046,outputExpAgricultural_Both/exp12/agricultural|Random|100|-|-|-|-|-|FRONT|20|400|NSGAII/results/AGRICULTURAL_NSGAII_131225_13452714754621501986882043_8_Front
2.6068948714825164,98.8603036122628,outputExpAgricultural_Both/exp12/agricultural|Random|100|-|-|-|-|-|FRONT|20|400|NSGAII/results/AGRICULTURAL_NSGAII_131225_13452714754621501986882043_8_Front
11.657936411255939,90.2010151712221,outputExpAgricultural_Both/exp12/agricultural|Random|100|-|-|-|-|-|FRONT|20|400|NSGAII/results/AGRICULTURAL_NSGAII_131225_13452714754621501986882043_8_Front
25.411134121086615,76.62194967342664,outputExpAgricultural_Both/exp12/agricultural|Random|100|-|-|-|-|-|FRONT|20|400|NSGAII/results/AGRICULTURAL_NSGAII_131225_13452714754621501986882043_8_Front
4.629065659641861,94.60945020167253,outputExpAgricultural_Both/exp12/agricultural|Random|100|-|-|-|-|-|FRONT|20|400|NSGAII/results/AGRICULTURAL_NSGAII_131225_13452714754621501986882043_8_Front
7.723230600560363,93.47820574825442,outputExpAgricultural_Both/exp12/agricultural|Random|100|-|-|-|-|-|FRONT|20|400|NSGAII/results/AGRICULTURAL_NSGAII_131225_13452714754621501986882043_8_Front
0.0,99.99737050932295,outputExpAgricultural_Both/exp12/agricultural|Random|100|-|-|-|-|-|FRONT|20|400|NSGAII/results/AGRICULTURAL_NSGAII_131225_1345463020082525362867559_9_Front
60.72603240345963,44.6574853617193,outputExpAgricultural_Both/exp12/agricultural|Random|100|-|-|-|-|-|FRONT|20|400|NSGAII/results/AGRICULTURAL_NSGAII_131225_1345463020082525362867559_9_Front
40.27287123888416,58.80771379872187,outputExpAgricultural_Both/exp12/agricultural|Random|100|-|-|-|-|-|FRONT|20|400|NSGAII/results/AGRICULTURAL_NSGAII_131225_1345463020082525362867559_9_Front
56.58423681325375,50.796782630335876,outputExpAgricultural_Both/exp12/agricultural|Random|100|-|-|-|-|-|FRONT|20|400|NSGAII/results/AGRICULTURAL_NSGAII_131225_1345463020082525362867559_9_Front
22.29260567669632,78.31684423554601,outputExpAgricultural_Both/exp12/agricultural|Random|100|-|-|-|-|-|FRONT|20|400|NSGAII/results/AGRICULTURAL_NSGAII_131225_1345463020082525362867559_9_Front
48.787915702277985,55.51361935305138,outputExpAgricultural_Both/exp12/agricultural|Random|100|-|-|-|-|-|FRONT|20|400|NSGAII/results/AGRICULTURAL_NSGAII_131225_1345463020082525362867559_9_Front
13.97246924107687,89.3006963454775,outputExpAgricultural_Both/exp12/agricultural|Random|100|-|-|-|-|-|FRONT|20|400|NSGAII/results/AGRICULTURAL_NSGAII_131225_1345463020082525362867559_9_Front
25.411134121086615,76.62194967342664,outputExpAgricultural_Both/exp12/agricultural|Random|100|-|-|-|-|-|FRONT|20|400|NSGAII/results/AGRICULTURAL_NSGAII_131225_1345463020082525362867559_9_Front
48.7270069435985,55.56329794477129,outputExpAgricultural_Both/exp12/agricultural|Random|100|-|-|-|-|-|FRONT|20|400|NSGAII/results/AGRICULTURAL_NSGAII_131225_1345463020082525362867559_9_Front
2.6068948714825164,98.8603036122628,outputExpAgricultural_Both/exp12/agricultural|Random|100|-|-|-|-|-|FRONT|20|400|NSGAII/results/AGRICULTURAL_NSGAII_131225_1345463020082525362867559_9_Front
18.272627603849436,83.75585179063619,outputExpAgricultural_Both/exp12/agricultural|Random|100|-|-|-|-|-|FRONT|20|400|NSGAII/results/AGRICULTURAL_NSGAII_131225_1345463020082525362867559_9_Front
11.657936411255939,90.2010151712221,outputExpAgricultural_Both/exp12/agricultural|Random|100|-|-|-|-|-|FRONT|20|400|NSGAII/results/AGRICULTURAL_NSGAII_131225_1345463020082525362867559_9_Front
57.290778413935925,50.46706328151046,outputExpAgricultural_Both/exp12/agricultural|Random|100|-|-|-|-|-|FRONT|20|400|NSGAII/results/AGRICULTURAL_NSGAII_131225_1345463020082525362867559_9_Front
31.891826044585216,66.86804182768384,outputExpAgricultural_Both/exp12/agricultural|Random|100|-|-|-|-|-|FRONT|20|400|NSGAII/results/AGRICULTURAL_NSGAII_131225_1345463020082525362867559_9_Front
29.3092946765745,74.22103686452019,outputExpAgricultural_Both/exp12/agricultural|Random|100|-|-|-|-|-|FRONT|20|400|NSGAII/results/AGRICULTURAL_NSGAII_131225_1345463020082525362867559_9_Front
0.0,99.99737050932295,outputExpAgricultural_Both/exp12/agricultural|Random|100|-|-|-|-|-|FRONT|20|400|NSGAII/results/AGRICULTURAL_NSGAII_131225_1346169817368306140728743_10_Front
73.41941771226703,30.242805290910894,outputExpAgricultural_Both/exp12/agricultural|Random|100|-|-|-|-|-|FRONT|20|400|NSGAII/results/AGRICULTURAL_NSGAII_131225_1346169817368306140728743_10_Front
63.186746254111334,43.238405589545884,outputExpAgricultural_Both/exp12/agricultural|Random|100|-|-|-|-|-|FRONT|20|400|NSGAII/results/AGRICULTURAL_NSGAII_131225_1346169817368306140728743_10_Front
2.6068948714825164,98.8603036122628,outputExpAgricultural_Both/exp12/agricultural|Random|100|-|-|-|-|-|FRONT|20|400|NSGAII/results/AGRICULTURAL_NSGAII_131225_1346169817368306140728743_10_Front
31.891826044585216,66.86804182768384,outputExpAgricultural_Both/exp12/agricultural|Random|100|-|-|-|-|-|FRONT|20|400|NSGAII/results/AGRICULTURAL_NSGAII_131225_1346169817368306140728743_10_Front
11.000121817517366,91.01737811606384,outputExpAgricultural_Both/exp12/agricultural|Random|100|-|-|-|-|-|FRONT|20|400|NSGAII/results/AGRICULTURAL_NSGAII_131225_1346169817368306140728743_10_Front
29.3092946765745,74.22103686452019,outputExpAgricultural_Both/exp12/agricultural|Random|100|-|-|-|-|-|FRONT|20|400|NSGAII/results/AGRICULTURAL_NSGAII_131225_1346169817368306140728743_10_Front
36.252893166037275,61.15434640722359,outputExpAgricultural_Both/exp12/agricultural|Random|100|-|-|-|-|-|FRONT|20|400|NSGAII/results/AGRICULTURAL_NSGAII_131225_1346169817368306140728743_10_Front
49.94518211718846,55.005470279712064,outputExpAgricultural_Both/exp12/agricultural|Random|100|-|-|-|-|-|FRONT|20|400|NSGAII/results/AGRICULTURAL_NSGAII_131225_1346169817368306140728743_10_Front
13.97246924107687,89.3006963454775,outputExpAgricultural_Both/exp12/agricultural|Random|100|-|-|-|-|-|FRONT|20|400|NSGAII/results/AGRICULTURAL_NSGAII_131225_1346169817368306140728743_10_Front
40.455597514922644,58.633603951748846,outputExpAgricultural_Both/exp12/agricultural|Random|100|-|-|-|-|-|FRONT|20|400|NSGAII/results/AGRICULTURAL_NSGAII_131225_1346169817368306140728743_10_Front
22.29260567669632,78.31684423554601,outputExpAgricultural_Both/exp12/agricultural|Random|100|-|-|-|-|-|FRONT|20|400|NSGAII/results/AGRICULTURAL_NSGAII_131225_1346169817368306140728743_10_Front
48.7270069435985,55.56329794477129,outputExpAgricultural_Both/exp12/agricultural|Random|100|-|-|-|-|-|FRONT|20|400|NSGAII/results/AGRICULTURAL_NSGAII_131225_1346169817368306140728743_10_Front
56.58423681325375,50.796782630335876,outputExpAgricultural_Both/exp12/agricultural|Random|100|-|-|-|-|-|FRONT|20|400|NSGAII/results/AGRICULTURAL_NSGAII_131225_1346169817368306140728743_10_Front
18.893896942380316,83.00794951377898,outputExpAgricultural_Both/exp12/agricultural|Random|100|-|-|-|-|-|FRONT|20|400|NSGAII/results/AGRICULTURAL_NSGAII_131225_1346169817368306140728743_10_Front
59.690583505908144,45.13905779714417,outputExpAgricultural_Both/exp12/agricultural|Random|100|-|-|-|-|-|FRONT|20|400|NSGAII/results/AGRICULTURAL_NSGAII_131225_1346169817368306140728743_10_Front
57.60750395906932,50.37118078217956,outputExpAgricultural_Both/exp12/agricultural|Random|100|-|-|-|-|-|FRONT|20|400|NSGAII/results/AGRICULTURAL_NSGAII_131225_1346169817368306140728743_10_Front
0.0,99.99737050932295,outputExpAgricultural_Both/exp12/agricultural|Random|100|-|-|-|-|-|FRONT|20|400|NSGAII/results/AGRICULTURAL_NSGAII_131225_13464814573772414975246470_11_Front
74.79595565842368,25.13990299057609,outputExpAgricultural_Both/exp12/agricultural|Random|100|-|-|-|-|-|FRONT|20|400|NSGAII/results/AGRICULTURAL_NSGAII_131225_13464814573772414975246470_11_Front
73.41941771226703,30.242805290910894,outputExpAgricultural_Both/exp12/agricultural|Random|100|-|-|-|-|-|FRONT|20|400|NSGAII/results/AGRICULTURAL_NSGAII_131225_13464814573772414975246470_11_Front
11.000121817517366,91.01737811606384,outputExpAgricultural_Both/exp12/agricultural|Random|100|-|-|-|-|-|FRONT|20|400|NSGAII/results/AGRICULTURAL_NSGAII_131225_13464814573772414975246470_11_Front
1.5836277256669524,98.38380233742939,outputExpAgricultural_Both/exp12/agricultural|Random|100|-|-|-|-|-|FRONT|20|400|NSGAII/results/AGRICULTURAL_NSGAII_131225_13464814573772414975246470_11_Front
18.893896942380316,83.00794951377898,outputExpAgricultural_Both/exp12/agricultural|Random|100|-|-|-|-|-|FRONT|20|400|NSGAII/results/AGRICULTURAL_NSGAII_131225_13464814573772414975246470_11_Front
22.29260567669632,78.31684423554601,outputExpAgricultural_Both/exp12/agricultural|Random|100|-|-|-|-|-|FRONT|20|400|NSGAII/results/AGRICULTURAL_NSGAII_131225_13464814573772414975246470_11_Front
13.97246924107687,89.3006963454775,outputExpAgricultural_Both/exp12/agricultural|Random|100|-|-|-|-|-|FRONT|20|400|NSGAII/results/AGRICULTURAL_NSGAII_131225_13464814573772414975246470_11_Front
36.252893166037275,61.15434640722359,outputExpAgricultural_Both/exp12/agricultural|Random|100|-|-|-|-|-|FRONT|20|400|NSGAII/results/AGRICULTURAL_NSGAII_131225_13464814573772414975246470_11_Front
63.186746254111334,43.238405589545884,outputExpAgricultural_Both/exp12/agricultural|Random|100|-|-|-|-|-|FRONT|20|400|NSGAII/results/AGRICULTURAL_NSGAII_131225_13464814573772414975246470_11_Front
49.94518211718846,55.005470279712064,outputExpAgricultural_Both/exp12/agricultural|Random|100|-|-|-|-|-|FRONT|20|400|NSGAII/results/AGRICULTURAL_NSGAII_131225_13464814573772414975246470_11_Front
56.58423681325375,50.796782630335876,outputExpAgricultural_Both/exp12/agricultural|Random|100|-|-|-|-|-|FRONT|20|400|NSGAII/results/AGRICULTURAL_NSGAII_131225_13464814573772414975246470_11_Front
40.455597514922644,58.633603951748846,outputExpAgricultural_Both/exp12/agricultural|Random|100|-|-|-|-|-|FRONT|20|400|NSGAII/results/AGRICULTURAL_NSGAII_131225_13464814573772414975246470_11_Front
28.761115848459006,74.94264423460693,outputExpAgricultural_Both/exp12/agricultural|Random|100|-|-|-|-|-|FRONT|20|400|NSGAII/results/AGRICULTURAL_NSGAII_131225_13464814573772414975246470_11_Front
48.7270069435985,55.56329794477129,outputExpAgricultural_Both/exp12/agricultural|Random|100|-|-|-|-|-|FRONT|20|400|NSGAII/results/AGRICULTURAL_NSGAII_131225_13464814573772414975246470_11_Front
32.403459617493,66.4877986937066,outputExpAgricultural_Both/exp12/agricultural|Random|100|-|-|-|-|-|FRONT|20|400|NSGAII/results/AGRICULTURAL_NSGAII_131225_13464814573772414975246470_11_Front
0.0,99.99737050932295,outputExpAgricultural_Both/exp12/agricultural|Random|100|-|-|-|-|-|FRONT|20|400|NSGAII/results/AGRICULTURAL_NSGAII_131225_1347114147746061233987427_12_Front
74.79595565842368,25.13990299057609,outputExpAgricultural_Both/exp12/agricultural|Random|100|-|-|-|-|-|FRONT|20|400|NSGAII/results/AGRICULTURAL_NSGAII_131225_1347114147746061233987427_12_Front
70.19125350225363,30.967887345106575,outputExpAgricultural_Both/exp12/agricultural|Random|100|-|-|-|-|-|FRONT|20|400|NSGAII/results/AGRICULTURAL_NSGAII_131225_1347114147746061233987427_12_Front
22.29260567669632,78.31684423554601,outputExpAgricultural_Both/exp12/agricultural|Random|100|-|-|-|-|-|FRONT|20|400|NSGAII/results/AGRICULTURAL_NSGAII_131225_1347114147746061233987427_12_Front
7.30905104153978,92.72091243326493,outputExpAgricultural_Both/exp12/agricultural|Random|100|-|-|-|-|-|FRONT|20|400|NSGAII/results/AGRICULTURAL_NSGAII_131225_1347114147746061233987427_12_Front
63.186746254111334,43.238405589545884,outputExpAgricultural_Both/exp12/agricultural|Random|100|-|-|-|-|-|FRONT|20|400|NSGAII/results/AGRICULTURAL_NSGAII_131225_1347114147746061233987427_12_Front
36.252893166037275,61.15434640722359,outputExpAgricultural_Both/exp12/agricultural|Random|100|-|-|-|-|-|FRONT|20|400|NSGAII/results/AGRICULTURAL_NSGAII_131225_1347114147746061233987427_12_Front
13.97246924107687,89.3006963454775,outputExpAgricultural_Both/exp12/agricultural|Random|100|-|-|-|-|-|FRONT|20|400|NSGAII/results/AGRICULTURAL_NSGAII_131225_1347114147746061233987427_12_Front
57.668412717748815,49.92069268297263,outputExpAgricultural_Both/exp12/agricultural|Random|100|-|-|-|-|-|FRONT|20|400|NSGAII/results/AGRICULTURAL_NSGAII_131225_1347114147746061233987427_12_Front
56.58423681325375,50.796782630335876,outputExpAgricultural_Both/exp12/agricultural|Random|100|-|-|-|-|-|FRONT|20|400|NSGAII/results/AGRICULTURAL_NSGAII_131225_1347114147746061233987427_12_Front
44.15885004263614,55.28720142368139,outputExpAgricultural_Both/exp12/agricultural|Random|100|-|-|-|-|-|FRONT|20|400|NSGAII/results/AGRICULTURAL_NSGAII_131225_1347114147746061233987427_12_Front
49.94518211718846,55.005470279712064,outputExpAgricultural_Both/exp12/agricultural|Random|100|-|-|-|-|-|FRONT|20|400|NSGAII/results/AGRICULTURAL_NSGAII_131225_1347114147746061233987427_12_Front
32.403459617493,66.4877986937066,outputExpAgricultural_Both/exp12/agricultural|Random|100|-|-|-|-|-|FRONT|20|400|NSGAII/results/AGRICULTURAL_NSGAII_131225_1347114147746061233987427_12_Front
28.761115848459006,74.94264423460693,outputExpAgricultural_Both/exp12/agricultural|Random|100|-|-|-|-|-|FRONT|20|400|NSGAII/results/AGRICULTURAL_NSGAII_131225_1347114147746061233987427_12_Front
30.673650870995257,67.3471725931943,outputExpAgricultural_Both/exp12/agricultural|Random|100|-|-|-|-|-|FRONT|20|400|NSGAII/results/AGRICULTURAL_NSGAII_131225_1347114147746061233987427_12_Front
18.893896942380316,83.00794951377898,outputExpAgricultural_Both/exp12/agricultural|Random|100|-|-|-|-|-|FRONT|20|400|NSGAII/results/AGRICULTURAL_NSGAII_131225_1347114147746061233987427_12_Front
0.0,99.99737050932295,outputExpAgricultural_Both/exp12/agricultural|Random|100|-|-|-|-|-|FRONT|20|400|NSGAII/results/AGRICULTURAL_NSGAII_131225_1347259302162334731254014_13_Front
74.79595565842368,25.13990299057609,outputExpAgricultural_Both/exp12/agricultural|Random|100|-|-|-|-|-|FRONT|20|400|NSGAII/results/AGRICULTURAL_NSGAII_131225_1347259302162334731254014_13_Front
44.9993909124132,54.94987533396878,outputExpAgricultural_Both/exp12/agricultural|Random|100|-|-|-|-|-|FRONT|20|400|NSGAII/results/AGRICULTURAL_NSGAII_131225_1347259302162334731254014_13_Front
56.58423681325375,50.796782630335876,outputExpAgricultural_Both/exp12/agricultural|Random|100|-|-|-|-|-|FRONT|20|400|NSGAII/results/AGRICULTURAL_NSGAII_131225_1347259302162334731254014_13_Front
67.9132659276404,32.30225995332654,outputExpAgricultural_Both/exp12/agricultural|Random|100|-|-|-|-|-|FRONT|20|400|NSGAII/results/AGRICULTURAL_NSGAII_131225_1347259302162334731254014_13_Front
22.29260567669632,78.31684423554601,outputExpAgricultural_Both/exp12/agricultural|Random|100|-|-|-|-|-|FRONT|20|400|NSGAII/results/AGRICULTURAL_NSGAII_131225_1347259302162334731254014_13_Front
40.27287123888416,58.8078077091032,outputExpAgricultural_Both/exp12/agricultural|Random|100|-|-|-|-|-|FRONT|20|400|NSGAII/results/AGRICULTURAL_NSGAII_131225_1347259302162334731254014_13_Front
70.19125350225363,30.967887345106575,outputExpAgricultural_Both/exp12/agricultural|Random|100|-|-|-|-|-|FRONT|20|400|NSGAII/results/AGRICULTURAL_NSGAII_131225_1347259302162334731254014_13_Front
28.761115848459006,74.94264423460693,outputExpAgricultural_Both/exp12/agricultural|Random|100|-|-|-|-|-|FRONT|20|400|NSGAII/results/AGRICULTURAL_NSGAII_131225_1347259302162334731254014_13_Front
1.3278109392130615,99.66257999990607,outputExpAgricultural_Both/exp12/agricultural|Random|100|-|-|-|-|-|FRONT|20|400|NSGAII/results/AGRICULTURAL_NSGAII_131225_1347259302162334731254014_13_Front
6.2492386405165075,92.94601561729641,outputExpAgricultural_Both/exp12/agricultural|Random|100|-|-|-|-|-|FRONT|20|400|NSGAII/results/AGRICULTURAL_NSGAII_131225_1347259302162334731254014_13_Front
60.72603240345963,44.6574853617193,outputExpAgricultural_Both/exp12/agricultural|Random|100|-|-|-|-|-|FRONT|20|400|NSGAII/results/AGRICULTURAL_NSGAII_131225_1347259302162334731254014_13_Front
63.186746254111334,43.238405589545884,outputExpAgricultural_Both/exp12/agricultural|Random|100|-|-|-|-|-|FRONT|20|400|NSGAII/results/AGRICULTURAL_NSGAII_131225_1347259302162334731254014_13_Front
13.97246924107687,89.3006963454775,outputExpAgricultural_Both/exp12/agricultural|Random|100|-|-|-|-|-|FRONT|20|400|NSGAII/results/AGRICULTURAL_NSGAII_131225_1347259302162334731254014_13_Front
18.284809355585335,83.74946588470623,outputExpAgricultural_Both/exp12/agricultural|Random|100|-|-|-|-|-|FRONT|20|400|NSGAII/results/AGRICULTURAL_NSGAII_131225_1347259302162334731254014_13_Front
12.790839322694602,89.62525062333015,outputExpAgricultural_Both/exp12/agricultural|Random|100|-|-|-|-|-|FRONT|20|400|NSGAII/results/AGRICULTURAL_NSGAII_131225_1347259302162334731254014_13_Front
36.252893166037275,61.15434640722359,outputExpAgricultural_Both/exp12/agricultural|Random|100|-|-|-|-|-|FRONT|20|400|NSGAII/results/AGRICULTURAL_NSGAII_131225_1347259302162334731254014_13_Front
0.0,99.99737050932295,outputExpAgricultural_Both/exp12/agricultural|Random|100|-|-|-|-|-|FRONT|20|400|NSGAII/results/AGRICULTURAL_NSGAII_131225_1348005543227737955964777_14_Front
75.98976732854184,24.541224309641315,outputExpAgricultural_Both/exp12/agricultural|Random|100|-|-|-|-|-|FRONT|20|400|NSGAII/results/AGRICULTURAL_NSGAII_131225_1348005543227737955964777_14_Front
49.08027774393959,49.06554475064446,outputExpAgricultural_Both/exp12/agricultural|Random|100|-|-|-|-|-|FRONT|20|400|NSGAII/results/AGRICULTURAL_NSGAII_131225_1348005543227737955964777_14_Front
60.72603240345963,44.6574853617193,outputExpAgricultural_Both/exp12/agricultural|Random|100|-|-|-|-|-|FRONT|20|400|NSGAII/results/AGRICULTURAL_NSGAII_131225_1348005543227737955964777_14_Front
22.29260567669632,78.31684423554601,outputExpAgricultural_Both/exp12/agricultural|Random|100|-|-|-|-|-|FRONT|20|400|NSGAII/results/AGRICULTURAL_NSGAII_131225_1348005543227737955964777_14_Front
28.761115848459006,74.94264423460693,outputExpAgricultural_Both/exp12/agricultural|Random|100|-|-|-|-|-|FRONT|20|400|NSGAII/results/AGRICULTURAL_NSGAII_131225_1348005543227737955964777_14_Front
44.9993909124132,54.94987533396878,outputExpAgricultural_Both/exp12/agricultural|Random|100|-|-|-|-|-|FRONT|20|400|NSGAII/results/AGRICULTURAL_NSGAII_131225_1348005543227737955964777_14_Front
63.186746254111334,43.238405589545884,outputExpAgricultural_Both/exp12/agricultural|Random|100|-|-|-|-|-|FRONT|20|400|NSGAII/results/AGRICULTURAL_NSGAII_131225_1348005543227737955964777_14_Front
40.27287123888416,58.8078077091032,outputExpAgricultural_Both/exp12/agricultural|Random|100|-|-|-|-|-|FRONT|20|400|NSGAII/results/AGRICULTURAL_NSGAII_131225_1348005543227737955964777_14_Front
66.48800097454016,32.958130056487086,outputExpAgricultural_Both/exp12/agricultural|Random|100|-|-|-|-|-|FRONT|20|400|NSGAII/results/AGRICULTURAL_NSGAII_131225_1348005543227737955964777_14_Front
1.3278109392130615,99.66257999990607,outputExpAgricultural_Both/exp12/agricultural|Random|100|-|-|-|-|-|FRONT|20|400|NSGAII/results/AGRICULTURAL_NSGAII_131225_1348005543227737955964777_14_Front
6.2492386405165075,92.94601561729641,outputExpAgricultural_Both/exp12/agricultural|Random|100|-|-|-|-|-|FRONT|20|400|NSGAII/results/AGRICULTURAL_NSGAII_131225_1348005543227737955964777_14_Front
30.673650870995257,67.35261939531107,outputExpAgricultural_Both/exp12/agricultural|Random|100|-|-|-|-|-|FRONT|20|400|NSGAII/results/AGRICULTURAL_NSGAII_131225_1348005543227737955964777_14_Front
72.93214764283104,30.52838676051443,outputExpAgricultural_Both/exp12/agricultural|Random|100|-|-|-|-|-|FRONT|20|400|NSGAII/results/AGRICULTURAL_NSGAII_131225_1348005543227737955964777_14_Front
36.252893166037275,61.15434640722359,outputExpAgricultural_Both/exp12/agricultural|Random|100|-|-|-|-|-|FRONT|20|400|NSGAII/results/AGRICULTURAL_NSGAII_131225_1348005543227737955964777_14_Front
14.508466317456447,88.78353187553117,outputExpAgricultural_Both/exp12/agricultural|Random|100|-|-|-|-|-|FRONT|20|400|NSGAII/results/AGRICULTURAL_NSGAII_131225_1348005543227737955964777_14_Front
6.931416737726879,92.11791387478928,outputExpAgricultural_Both/exp12/agricultural|Random|100|-|-|-|-|-|FRONT|20|400|NSGAII/results/AGRICULTURAL_NSGAII_131225_1348005543227737955964777_14_Front
0.0,99.99737050932295,outputExpAgricultural_Both/exp12/agricultural|Random|100|-|-|-|-|-|FRONT|20|400|NSGAII/results/AGRICULTURAL_NSGAII_131225_1348306868706843989993089_15_Front
75.98976732854184,24.541224309641315,outputExpAgricultural_Both/exp12/agricultural|Random|100|-|-|-|-|-|FRONT|20|400|NSGAII/results/AGRICULTURAL_NSGAII_131225_1348306868706843989993089_15_Front
14.508466317456447,88.78353187553117,outputExpAgricultural_Both/exp12/agricultural|Random|100|-|-|-|-|-|FRONT|20|400|NSGAII/results/AGRICULTURAL_NSGAII_131225_1348306868706843989993089_15_Front
49.08027774393959,49.06554475064446,outputExpAgricultural_Both/exp12/agricultural|Random|100|-|-|-|-|-|FRONT|20|400|NSGAII/results/AGRICULTURAL_NSGAII_131225_1348306868706843989993089_15_Front
66.48800097454016,32.958130056487086,outputExpAgricultural_Both/exp12/agricultural|Random|100|-|-|-|-|-|FRONT|20|400|NSGAII/results/AGRICULTURAL_NSGAII_131225_1348306868706843989993089_15_Front
28.761115848459006,74.94264423460693,outputExpAgricultural_Both/exp12/agricultural|Random|100|-|-|-|-|-|FRONT|20|400|NSGAII/results/AGRICULTURAL_NSGAII_131225_1348306868706843989993089_15_Front
36.252893166037275,61.15434640722359,outputExpAgricultural_Both/exp12/agricultural|Random|100|-|-|-|-|-|FRONT|20|400|NSGAII/results/AGRICULTURAL_NSGAII_131225_1348306868706843989993089_15_Front
44.9993909124132,54.94987533396878,outputExpAgricultural_Both/exp12/agricultural|Random|100|-|-|-|-|-|FRONT|20|400|NSGAII/results/AGRICULTURAL_NSGAII_131225_1348306868706843989993089_15_Front
60.10476306492873,44.93217322708939,outputExpAgricultural_Both/exp12/agricultural|Random|100|-|-|-|-|-|FRONT|20|400|NSGAII/results/AGRICULTURAL_NSGAII_131225_1348306868706843989993089_15_Front
22.29260567669632,78.31684423554601,outputExpAgricultural_Both/exp12/agricultural|Random|100|-|-|-|-|-|FRONT|20|400|NSGAII/results/AGRICULTURAL_NSGAII_131225_1348306868706843989993089_15_Front
40.27287123888416,58.8078077091032,outputExpAgricultural_Both/exp12/agricultural|Random|100|-|-|-|-|-|FRONT|20|400|NSGAII/results/AGRICULTURAL_NSGAII_131225_1348306868706843989993089_15_Front
30.673650870995257,67.35261939531107,outputExpAgricultural_Both/exp12/agricultural|Random|100|-|-|-|-|-|FRONT|20|400|NSGAII/results/AGRICULTURAL_NSGAII_131225_1348306868706843989993089_15_Front
8.588134973809234,92.06682662734953,outputExpAgricultural_Both/exp12/agricultural|Random|100|-|-|-|-|-|FRONT|20|400|NSGAII/results/AGRICULTURAL_NSGAII_131225_1348306868706843989993089_15_Front
63.186746254111334,43.238405589545884,outputExpAgricultural_Both/exp12/agricultural|Random|100|-|-|-|-|-|FRONT|20|400|NSGAII/results/AGRICULTURAL_NSGAII_131225_1348306868706843989993089_15_Front
4.726519673529047,94.55836295423278,outputExpAgricultural_Both/exp12/agricultural|Random|100|-|-|-|-|-|FRONT|20|400|NSGAII/results/AGRICULTURAL_NSGAII_131225_1348306868706843989993089_15_Front
0.0,99.99737050932295,outputExpAgricultural_Both/exp12/agricultural|Random|100|-|-|-|-|-|FRONT|20|400|NSGAII/results/AGRICULTURAL_NSGAII_131225_13522315439957618017976849_16_Front
75.98976732854184,24.541224309641315,outputExpAgricultural_Both/exp12/agricultural|Random|100|-|-|-|-|-|FRONT|20|400|NSGAII/results/AGRICULTURAL_NSGAII_131225_13522315439957618017976849_16_Front
66.48800097454016,32.958130056487086,outputExpAgricultural_Both/exp12/agricultural|Random|100|-|-|-|-|-|FRONT|20|400|NSGAII/results/AGRICULTURAL_NSGAII_131225_13522315439957618017976849_16_Front
49.08027774393959,49.06554475064446,outputExpAgricultural_Both/exp12/agricultural|Random|100|-|-|-|-|-|FRONT|20|400|NSGAII/results/AGRICULTURAL_NSGAII_131225_13522315439957618017976849_16_Front
14.508466317456447,88.78353187553117,outputExpAgricultural_Both/exp12/agricultural|Random|100|-|-|-|-|-|FRONT|20|400|NSGAII/results/AGRICULTURAL_NSGAII_131225_13522315439957618017976849_16_Front
18.272627603849436,83.75472486606033,outputExpAgricultural_Both/exp12/agricultural|Random|100|-|-|-|-|-|FRONT|20|400|NSGAII/results/AGRICULTURAL_NSGAII_131225_13522315439957618017976849_16_Front
8.588134973809234,92.06682662734953,outputExpAgricultural_Both/exp12/agricultural|Random|100|-|-|-|-|-|FRONT|20|400|NSGAII/results/AGRICULTURAL_NSGAII_131225_13522315439957618017976849_16_Front
60.10476306492873,44.93217322708939,outputExpAgricultural_Both/exp12/agricultural|Random|100|-|-|-|-|-|FRONT|20|400|NSGAII/results/AGRICULTURAL_NSGAII_131225_13522315439957618017976849_16_Front
4.726519673529047,94.55836295423278,outputExpAgricultural_Both/exp12/agricultural|Random|100|-|-|-|-|-|FRONT|20|400|NSGAII/results/AGRICULTURAL_NSGAII_131225_13522315439957618017976849_16_Front
28.761115848459006,74.94264423460693,outputExpAgricultural_Both/exp12/agricultural|Random|100|-|-|-|-|-|FRONT|20|400|NSGAII/results/AGRICULTURAL_NSGAII_131225_13522315439957618017976849_16_Front
22.29260567669632,78.31684423554601,outputExpAgricultural_Both/exp12/agricultural|Random|100|-|-|-|-|-|FRONT|20|400|NSGAII/results/AGRICULTURAL_NSGAII_131225_13522315439957618017976849_16_Front
63.186746254111334,43.238405589545884,outputExpAgricultural_Both/exp12/agricultural|Random|100|-|-|-|-|-|FRONT|20|400|NSGAII/results/AGRICULTURAL_NSGAII_131225_13522315439957618017976849_16_Front
35.314898282373015,61.4788067746949,outputExpAgricultural_Both/exp12/agricultural|Random|100|-|-|-|-|-|FRONT|20|400|NSGAII/results/AGRICULTURAL_NSGAII_131225_13522315439957618017976849_16_Front
44.9993909124132,54.94987533396878,outputExpAgricultural_Both/exp12/agricultural|Random|100|-|-|-|-|-|FRONT|20|400|NSGAII/results/AGRICULTURAL_NSGAII_131225_13522315439957618017976849_16_Front
30.68583262273115,67.34989599425269,outputExpAgricultural_Both/exp12/agricultural|Random|100|-|-|-|-|-|FRONT|20|400|NSGAII/results/AGRICULTURAL_NSGAII_131225_13522315439957618017976849_16_Front
1.3278109392130615,99.66004441961037,outputExpAgricultural_Both/exp12/agricultural|Random|100|-|-|-|-|-|FRONT|20|400|NSGAII/results/AGRICULTURAL_NSGAII_131225_13522315439957618017976849_16_Front
0.0,99.99737050932295,outputExpAgricultural_Both/exp12/agricultural|Random|100|-|-|-|-|-|FRONT|20|400|NSGAII/results/AGRICULTURAL_NSGAII_131225_13523117986331591405923268_17_Front
75.98976732854184,24.541224309641315,outputExpAgricultural_Both/exp12/agricultural|Random|100|-|-|-|-|-|FRONT|20|400|NSGAII/results/AGRICULTURAL_NSGAII_131225_13523117986331591405923268_17_Front
35.314898282373015,61.4788067746949,outputExpAgricultural_Both/exp12/agricultural|Random|100|-|-|-|-|-|FRONT|20|400|NSGAII/results/AGRICULTURAL_NSGAII_131225_13523117986331591405923268_17_Front
30.68583262273115,67.34989599425269,outputExpAgricultural_Both/exp12/agricultural|Random|100|-|-|-|-|-|FRONT|20|400|NSGAII/results/AGRICULTURAL_NSGAII_131225_13523117986331591405923268_17_Front
72.89560238762334,30.578440993759653,outputExpAgricultural_Both/exp12/agricultural|Random|100|-|-|-|-|-|FRONT|20|400|NSGAII/results/AGRICULTURAL_NSGAII_131225_13523117986331591405923268_17_Front
49.08027774393959,49.06554475064446,outputExpAgricultural_Both/exp12/agricultural|Random|100|-|-|-|-|-|FRONT|20|400|NSGAII/results/AGRICULTURAL_NSGAII_131225_13523117986331591405923268_17_Front
63.186746254111334,43.238405589545884,outputExpAgricultural_Both/exp12/agricultural|Random|100|-|-|-|-|-|FRONT|20|400|NSGAII/results/AGRICULTURAL_NSGAII_131225_13523117986331591405923268_17_Front
44.15885004263614,55.2949959853312,outputExpAgricultural_Both/exp12/agricultural|Random|100|-|-|-|-|-|FRONT|20|400|NSGAII/results/AGRICULTURAL_NSGAII_131225_13523117986331591405923268_17_Front
66.48800097454016,32.958130056487086,outputExpAgricultural_Both/exp12/agricultural|Random|100|-|-|-|-|-|FRONT|20|400|NSGAII/results/AGRICULTURAL_NSGAII_131225_13523117986331591405923268_17_Front
60.10476306492873,44.93217322708939,outputExpAgricultural_Both/exp12/agricultural|Random|100|-|-|-|-|-|FRONT|20|400|NSGAII/results/AGRICULTURAL_NSGAII_131225_13523117986331591405923268_17_Front
4.726519673529047,94.55836295423278,outputExpAgricultural_Both/exp12/agricultural|Random|100|-|-|-|-|-|FRONT|20|400|NSGAII/results/AGRICULTURAL_NSGAII_131225_13523117986331591405923268_17_Front
8.588134973809234,92.06682662734953,outputExpAgricultural_Both/exp12/agricultural|Random|100|-|-|-|-|-|FRONT|20|400|NSGAII/results/AGRICULTURAL_NSGAII_131225_13523117986331591405923268_17_Front
14.508466317456447,88.78353187553117,outputExpAgricultural_Both/exp12/agricultural|Random|100|-|-|-|-|-|FRONT|20|400|NSGAII/results/AGRICULTURAL_NSGAII_131225_13523117986331591405923268_17_Front
28.761115848459006,74.94264423460693,outputExpAgricultural_Both/exp12/agricultural|Random|100|-|-|-|-|-|FRONT|20|400|NSGAII/results/AGRICULTURAL_NSGAII_131225_13523117986331591405923268_17_Front
1.3278109392130615,99.65149857490995,outputExpAgricultural_Both/exp12/agricultural|Random|100|-|-|-|-|-|FRONT|20|400|NSGAII/results/AGRICULTURAL_NSGAII_131225_13523117986331591405923268_17_Front
24.83859178949933,77.35642276575463,outputExpAgricultural_Both/exp12/agricultural|Random|100|-|-|-|-|-|FRONT|20|400|NSGAII/results/AGRICULTURAL_NSGAII_131225_13523117986331591405923268_17_Front
0.0,99.99737050932295,outputExpAgricultural_Both/exp12/agricultural|Random|100|-|-|-|-|-|FRONT|20|400|NSGAII/results/AGRICULTURAL_NSGAII_131225_13523917246719519026139871_18_Front
75.98976732854184,24.541224309641315,outputExpAgricultural_Both/exp12/agricultural|Random|100|-|-|-|-|-|FRONT|20|400|NSGAII/results/AGRICULTURAL_NSGAII_131225_13523917246719519026139871_18_Front
66.48800097454016,32.958130056487086,outputExpAgricultural_Both/exp12/agricultural|Random|100|-|-|-|-|-|FRONT|20|400|NSGAII/results/AGRICULTURAL_NSGAII_131225_13523917246719519026139871_18_Front
19.4055305152881,83.41213979499365,outputExpAgricultural_Both/exp12/agricultural|Random|100|-|-|-|-|-|FRONT|20|400|NSGAII/results/AGRICULTURAL_NSGAII_131225_13523917246719519026139871_18_Front
14.508466317456447,88.78353187553117,outputExpAgricultural_Both/exp12/agricultural|Random|100|-|-|-|-|-|FRONT|20|400|NSGAII/results/AGRICULTURAL_NSGAII_131225_13523917246719519026139871_18_Front
8.588134973809234,92.06682662734953,outputExpAgricultural_Both/exp12/agricultural|Random|100|-|-|-|-|-|FRONT|20|400|NSGAII/results/AGRICULTURAL_NSGAII_131225_13523917246719519026139871_18_Front
36.252893166037275,61.15434640722359,outputExpAgricultural_Both/exp12/agricultural|Random|100|-|-|-|-|-|FRONT|20|400|NSGAII/results/AGRICULTURAL_NSGAII_131225_13523917246719519026139871_18_Front
60.10476306492873,44.93217322708939,outputExpAgricultural_Both/exp12/agricultural|Random|100|-|-|-|-|-|FRONT|20|400|NSGAII/results/AGRICULTURAL_NSGAII_131225_13523917246719519026139871_18_Front
4.726519673529047,94.55836295423278,outputExpAgricultural_Both/exp12/agricultural|Random|100|-|-|-|-|-|FRONT|20|400|NSGAII/results/AGRICULTURAL_NSGAII_131225_13523917246719519026139871_18_Front
44.15885004263614,55.2949959853312,outputExpAgricultural_Both/exp12/agricultural|Random|100|-|-|-|-|-|FRONT|20|400|NSGAII/results/AGRICULTURAL_NSGAII_131225_13523917246719519026139871_18_Front
49.08027774393959,49.06554475064446,outputExpAgricultural_Both/exp12/agricultural|Random|100|-|-|-|-|-|FRONT|20|400|NSGAII/results/AGRICULTURAL_NSGAII_131225_13523917246719519026139871_18_Front
63.186746254111334,43.238405589545884,outputExpAgricultural_Both/exp12/agricultural|Random|100|-|-|-|-|-|FRONT|20|400|NSGAII/results/AGRICULTURAL_NSGAII_131225_13523917246719519026139871_18_Front
35.314898282373015,61.4788067746949,outputExpAgricultural_Both/exp12/agricultural|Random|100|-|-|-|-|-|FRONT|20|400|NSGAII/results/AGRICULTURAL_NSGAII_131225_13523917246719519026139871_18_Front
23.864051650627356,77.63111063112473,outputExpAgricultural_Both/exp12/agricultural|Random|100|-|-|-|-|-|FRONT|20|400|NSGAII/results/AGRICULTURAL_NSGAII_131225_13523917246719519026139871_18_Front
30.68583262273115,67.34989599425269,outputExpAgricultural_Both/exp12/agricultural|Random|100|-|-|-|-|-|FRONT|20|400|NSGAII/results/AGRICULTURAL_NSGAII_131225_13523917246719519026139871_18_Front
48.288463881106104,49.3900990284971,outputExpAgricultural_Both/exp12/agricultural|Random|100|-|-|-|-|-|FRONT|20|400|NSGAII/results/AGRICULTURAL_NSGAII_131225_13523917246719519026139871_18_Front
0.0,99.99737050932295,outputExpAgricultural_Both/exp12/agricultural|Random|100|-|-|-|-|-|FRONT|20|400|NSGAII/results/AGRICULTURAL_NSGAII_131225_135242413865730474320650_19_Front
77.84139359239859,23.54549253647244,outputExpAgricultural_Both/exp12/agricultural|Random|100|-|-|-|-|-|FRONT|20|400|NSGAII/results/AGRICULTURAL_NSGAII_131225_135242413865730474320650_19_Front
14.508466317456447,88.78353187553117,outputExpAgricultural_Both/exp12/agricultural|Random|100|-|-|-|-|-|FRONT|20|400|NSGAII/results/AGRICULTURAL_NSGAII_131225_135242413865730474320650_19_Front
19.4055305152881,83.41213979499365,outputExpAgricultural_Both/exp12/agricultural|Random|100|-|-|-|-|-|FRONT|20|400|NSGAII/results/AGRICULTURAL_NSGAII_131225_135242413865730474320650_19_Front
67.9132659276404,32.30225995332654,outputExpAgricultural_Both/exp12/agricultural|Random|100|-|-|-|-|-|FRONT|20|400|NSGAII/results/AGRICULTURAL_NSGAII_131225_135242413865730474320650_19_Front
44.15885004263614,55.2949959853312,outputExpAgricultural_Both/exp12/agricultural|Random|100|-|-|-|-|-|FRONT|20|400|NSGAII/results/AGRICULTURAL_NSGAII_131225_135242413865730474320650_19_Front
63.186746254111334,43.238405589545884,outputExpAgricultural_Both/exp12/agricultural|Random|100|-|-|-|-|-|FRONT|20|400|NSGAII/results/AGRICULTURAL_NSGAII_131225_135242413865730474320650_19_Front
60.05603605798514,44.981945729190635,outputExpAgricultural_Both/exp12/agricultural|Random|100|-|-|-|-|-|FRONT|20|400|NSGAII/results/AGRICULTURAL_NSGAII_131225_135242413865730474320650_19_Front
4.726519673529047,94.55836295423278,outputExpAgricultural_Both/exp12/agricultural|Random|100|-|-|-|-|-|FRONT|20|400|NSGAII/results/AGRICULTURAL_NSGAII_131225_135242413865730474320650_19_Front
40.27287123888416,58.8078077091032,outputExpAgricultural_Both/exp12/agricultural|Random|100|-|-|-|-|-|FRONT|20|400|NSGAII/results/AGRICULTURAL_NSGAII_131225_135242413865730474320650_19_Front
66.48800097454016,32.958130056487086,outputExpAgricultural_Both/exp12/agricultural|Random|100|-|-|-|-|-|FRONT|20|400|NSGAII/results/AGRICULTURAL_NSGAII_131225_135242413865730474320650_19_Front
49.08027774393959,49.06554475064446,outputExpAgricultural_Both/exp12/agricultural|Random|100|-|-|-|-|-|FRONT|20|400|NSGAII/results/AGRICULTURAL_NSGAII_131225_135242413865730474320650_19_Front
30.68583262273115,67.34989599425269,outputExpAgricultural_Both/exp12/agricultural|Random|100|-|-|-|-|-|FRONT|20|400|NSGAII/results/AGRICULTURAL_NSGAII_131225_135242413865730474320650_19_Front
75.98976732854184,24.541224309641315,outputExpAgricultural_Both/exp12/agricultural|Random|100|-|-|-|-|-|FRONT|20|400|NSGAII/results/AGRICULTURAL_NSGAII_131225_135242413865730474320650_19_Front
33.99926909489585,62.0340049490771,outputExpAgricultural_Both/exp12/agricultural|Random|100|-|-|-|-|-|FRONT|20|400|NSGAII/results/AGRICULTURAL_NSGAII_131225_135242413865730474320650_19_Front
23.778779388476067,77.68097704360729,outputExpAgricultural_Both/exp12/agricultural|Random|100|-|-|-|-|-|FRONT|20|400|NSGAII/results/AGRICULTURAL_NSGAII_131225_135242413865730474320650_19_Front
0.0,99.99737050932295,outputExpAgricultural_Both/exp12/agricultural|Random|100|-|-|-|-|-|FRONT|20|400|NSGAII/results/AGRICULTURAL_NSGAII_131225_1353052120104132592306143_20_Front
77.84139359239859,23.54549253647244,outputExpAgricultural_Both/exp12/agricultural|Random|100|-|-|-|-|-|FRONT|20|400|NSGAII/results/AGRICULTURAL_NSGAII_131225_1353052120104132592306143_20_Front
49.08027774393959,49.06554475064446,outputExpAgricultural_Both/exp12/agricultural|Random|100|-|-|-|-|-|FRONT|20|400|NSGAII/results/AGRICULTURAL_NSGAII_131225_1353052120104132592306143_20_Front
75.98976732854184,24.541224309641315,outputExpAgricultural_Both/exp12/agricultural|Random|100|-|-|-|-|-|FRONT|20|400|NSGAII/results/AGRICULTURAL_NSGAII_131225_1353052120104132592306143_20_Front
60.05603605798514,44.981945729190635,outputExpAgricultural_Both/exp12/agricultural|Random|100|-|-|-|-|-|FRONT|20|400|NSGAII/results/AGRICULTURAL_NSGAII_131225_1353052120104132592306143_20_Front
67.9132659276404,32.30225995332654,outputExpAgricultural_Both/exp12/agricultural|Random|100|-|-|-|-|-|FRONT|20|400|NSGAII/results/AGRICULTURAL_NSGAII_131225_1353052120104132592306143_20_Front
30.454379339749053,67.47207340035403,outputExpAgricultural_Both/exp12/agricultural|Random|100|-|-|-|-|-|FRONT|20|400|NSGAII/results/AGRICULTURAL_NSGAII_131225_1353052120104132592306143_20_Front
63.186746254111334,43.238405589545884,outputExpAgricultural_Both/exp12/agricultural|Random|100|-|-|-|-|-|FRONT|20|400|NSGAII/results/AGRICULTURAL_NSGAII_131225_1353052120104132592306143_20_Front
13.0953831160921,90.34601279998498,outputExpAgricultural_Both/exp12/agricultural|Random|100|-|-|-|-|-|FRONT|20|400|NSGAII/results/AGRICULTURAL_NSGAII_131225_1353052120104132592306143_20_Front
66.48800097454016,32.958130056487086,outputExpAgricultural_Both/exp12/agricultural|Random|100|-|-|-|-|-|FRONT|20|400|NSGAII/results/AGRICULTURAL_NSGAII_131225_1353052120104132592306143_20_Front
4.726519673529047,94.55836295423278,outputExpAgricultural_Both/exp12/agricultural|Random|100|-|-|-|-|-|FRONT|20|400|NSGAII/results/AGRICULTURAL_NSGAII_131225_1353052120104132592306143_20_Front
6.480691923498602,93.79928534199813,outputExpAgricultural_Both/exp12/agricultural|Random|100|-|-|-|-|-|FRONT|20|400|NSGAII/results/AGRICULTURAL_NSGAII_131225_1353052120104132592306143_20_Front
40.27287123888416,58.8078077091032,outputExpAgricultural_Both/exp12/agricultural|Random|100|-|-|-|-|-|FRONT|20|400|NSGAII/results/AGRICULTURAL_NSGAII_131225_1353052120104132592306143_20_Front
35.04689974418321,61.5035991153642,outputExpAgricultural_Both/exp12/agricultural|Random|100|-|-|-|-|-|FRONT|20|400|NSGAII/results/AGRICULTURAL_NSGAII_131225_1353052120104132592306143_20_Front
22.29260567669632,78.31571731097013,outputExpAgricultural_Both/exp12/agricultural|Random|100|-|-|-|-|-|FRONT|20|400|NSGAII/results/AGRICULTURAL_NSGAII_131225_1353052120104132592306143_20_Front
23.778779388476067,77.68097704360729,outputExpAgricultural_Both/exp12/agricultural|Random|100|-|-|-|-|-|FRONT|20|400|NSGAII/results/AGRICULTURAL_NSGAII_131225_1353052120104132592306143_20_Front
18.272627603849436,83.75763608788132,outputExpAgricultural_Both/exp12/agricultural|Random|100|-|-|-|-|-|FRONT|20|400|NSGAII/results/AGRICULTURAL_NSGAII_131225_1353052120104132592306143_20_Front
